[1]
    Time: 0.000000
    HumanoidRootPart.CFrame = CFrame.new(0, 0, 0, 1, 0, 0, 0, 1, 0, 0, 0, 1)
    Torso.CFrame = CFrame.new(0.0364607, 0, -0.209401, 0.998814, 0.00861554, 0.0479137, -0.00329725, 0.993928, -0.109987, -0.0485703, 0.109699, 0.992778)
    Right Arm.CFrame = CFrame.new(-0.15627, -0.635327, 0.292588, 0.249879, -0.804725, -0.538497, 0.722662, -0.215154, 0.656862, -0.644453, -0.553288, 0.527782)
    Left Arm.CFrame = CFrame.new(0.241885, -0.425312, 0.303157, 0.282376, 0.823282, -0.492413, -0.492206, 0.564926, 0.662263, 0.823406, 0.0553618, 0.564745)
    Right Leg.CFrame = CFrame.new(0.416032, 0.217664, -0.158766, 0.95949, 0.00989063, 0.28157, -0.118919, 0.920217, 0.372907, -0.255417, -0.391285, 0.884115)
    Left Leg.CFrame = CFrame.new(-0.209405, 0.497119, 0.316219, 0.675755, -0.249886, 0.693478, 0.217488, 0.966495, 0.136335, -0.704311, 0.0586943, 0.707461)
    Head.CFrame = CFrame.new(1.01776e-07, -2.14786e-08, -1.78814e-07, 0.998699, -0.015515, -0.0485703, 0.0207731, 0.993748, 0.109699, 0.0465647, -0.110565, 0.992778)

[2]
    Time: 0.033333
    HumanoidRootPart.CFrame = CFrame.new(0, 0, 0, 1, 0, 0, 0, 1, 0, 0, 0, 1)
    Torso.CFrame = CFrame.new(0.135985, 0.000867277, -0.139599, 0.993609, 0.100342, 0.0516926, -0.0950316, 0.990778, -0.0965772, -0.0609067, 0.0910476, 0.993982)
    Right Arm.CFrame = CFrame.new(-0.0708209, -0.600011, 0.264708, 0.13508, -0.849853, -0.509414, 0.683792, -0.292115, 0.668654, -0.717065, -0.438655, 0.541664)
    Left Arm.CFrame = CFrame.new(0.443176, -0.345949, 0.32781, 0.506811, 0.62053, -0.598402, -0.232762, 0.766876, 0.598099, 0.830038, -0.163838, 0.533098)
    Right Leg.CFrame = CFrame.new(0.134421, 0.154512, -0.0683512, 0.945824, -0.189123, 0.263913, 0.0774178, 0.920759, 0.382373, -0.315316, -0.341226, 0.885517)
    Left Leg.CFrame = CFrame.new(-0.186775, 0.446089, 0.170424, 0.744027, -0.232945, 0.626227, 0.0513516, 0.95442, 0.294016, -0.666174, -0.186598, 0.722076)
    Head.CFrame = CFrame.new(9.87202e-08, -5.58794e-09, 0, 0.992368, -0.107178, -0.0609783, 0.11246, 0.989477, 0.0910416, 0.0505789, -0.0972045, 0.993979)

[3]
    Time: 0.066667
    HumanoidRootPart.CFrame = CFrame.new(0, 0, 0, 1, 0, 0, 0, 1, 0, 0, 0, 1)
    Torso.CFrame = CFrame.new(0.230155, 0.00341031, -0.0875974, 0.979076, 0.195398, 0.0568327, -0.192145, 0.979651, -0.0580079, -0.0670108, 0.045874, 0.996697)
    Right Arm.CFrame = CFrame.new(0.0115754, -0.540139, 0.222368, 0.0263928, -0.892036, -0.451194, 0.633474, -0.334233, 0.697853, -0.773314, -0.304238, 0.55626)
    Left Arm.CFrame = CFrame.new(0.662067, -0.235653, 0.350879, 0.641604, 0.30253, -0.704854, 0.116698, 0.869734, 0.479525, 0.758106, -0.38992, 0.522721)
    Right Leg.CFrame = CFrame.new(0.0453662, 0.0919478, -0.0496851, 0.979625, -0.17996, 0.0891661, 0.141826, 0.934215, 0.327304, -0.142202, -0.307989, 0.940703)
    Left Leg.CFrame = CFrame.new(-0.22961, 0.284262, 0.0381811, 0.873438, -0.287897, 0.39271, 0.0621037, 0.86577, 0.496573, -0.482958, -0.409337, 0.774076)
    Head.CFrame = CFrame.new(4.47035e-08, 1.86265e-08, 2.38419e-07, 0.976643, -0.204107, -0.0671454, 0.207372, 0.977187, 0.0458494, 0.0562554, -0.0587026, 0.996689)

[4]
    Time: 0.100000
    HumanoidRootPart.CFrame = CFrame.new(0, 0, 0, 1, 0, 0, 0, 1, 0, 0, 0, 1)
    Torso.CFrame = CFrame.new(0.318987, 0.00754085, -0.0591705, 0.955969, 0.285896, 0.0662333, -0.286304, 0.958133, -0.00344269, -0.0644445, -0.0156718, 0.997798)
    Right Arm.CFrame = CFrame.new(0.0933381, -0.472049, 0.157069, -0.0946608, -0.939219, -0.330012, 0.594702, -0.3192, 0.737863, -0.798354, -0.126412, 0.588771)
    Left Arm.CFrame = CFrame.new(0.838528, -0.107098, 0.357677, 0.655998, 0.0210157, -0.75447, 0.408835, 0.830369, 0.378604, 0.634446, -0.556817, 0.536128)
    Right Leg.CFrame = CFrame.new(0.0613406, 0.0547857, -0.0290549, 0.981112, -0.0375765, -0.189757, 0.0839345, 0.966493, 0.242582, 0.174284, -0.253928, 0.951392)
    Left Leg.CFrame = CFrame.new(-0.171051, 0.100203, -0.0294899, 0.933879, -0.332106, 0.132573, 0.191527, 0.777626, 0.598845, -0.301972, -0.533857, 0.789816)
    Head.CFrame = CFrame.new(7.84639e-08, 4.65661e-09, -4.17233e-07, 0.952383, -0.297975, -0.0646306, 0.297591, 0.954564, -0.0157241, 0.0663795, -0.00425814, 0.997785)

[5]
    Time: 0.133333
    HumanoidRootPart.CFrame = CFrame.new(0, 0, 0, 1, 0, 0, 0, 1, 0, 0, 0, 1)
    Torso.CFrame = CFrame.new(0.402514, 0.0131707, -0.0531144, 0.927823, 0.364279, 0.0802895, -0.369161, 0.927585, 0.0574979, -0.0535301, -0.0829876, 0.995112)
    Right Arm.CFrame = CFrame.new(0.163741, -0.411965, 0.0582246, -0.23747, -0.966485, -0.097541, 0.600436, -0.224976, 0.767374, -0.7636, 0.123661, 0.633738)
    Left Arm.CFrame = CFrame.new(0.914375, -0.0327191, 0.354588, 0.656397, -0.0768929, -0.750487, 0.52991, 0.755058, 0.386113, 0.536971, -0.651134, 0.536364)
    Right Leg.CFrame = CFrame.new(0.0733005, 0.0508259, 0.0275543, 0.903149, 0.110297, -0.414917, -0.0270092, 0.979119, 0.201487, 0.428476, -0.170767, 0.887269)
    Left Leg.CFrame = CFrame.new(-0.146109, -0.0252123, -0.0369648, 0.899927, -0.432681, -0.0540189, 0.376679, 0.709022, 0.596156, -0.219645, -0.556845, 0.80105)
    Head.CFrame = CFrame.new(4.09782e-08, -7.45058e-09, 2.38419e-07, 0.923225, -0.380481, -0.0537546, 0.375576, 0.923061, -0.0830715, 0.0812259, 0.0565048, 0.995093)

[6]
    Time: 0.166667
    HumanoidRootPart.CFrame = CFrame.new(0, 0, 0, 1, 0, 0, 0, 1, 0, 0, 0, 1)
    Torso.CFrame = CFrame.new(0.480785, 0.0202118, -0.0698588, 0.900263, 0.424441, 0.0968327, -0.433729, 0.893609, 0.115512, -0.0375026, -0.14599, 0.988575)
    Right Arm.CFrame = CFrame.new(0.193102, -0.377045, -0.0675639, -0.339179, -0.901533, 0.268692, 0.664149, -0.0272032, 0.747105, -0.666231, 0.431854, 0.607979)
    Left Arm.CFrame = CFrame.new(0.898142, -0.0336639, 0.360882, 0.706734, -0.0108739, -0.707396, 0.514981, 0.693499, 0.503839, 0.4851, -0.720375, 0.495719)
    Right Leg.CFrame = CFrame.new(0.113624, 0.067123, 0.0584322, 0.861946, 0.21316, -0.460013, -0.114405, 0.965696, 0.233117, 0.493923, -0.148306, 0.856764)
    Left Leg.CFrame = CFrame.new(-0.221557, -0.139424, -0.0074212, 0.794597, -0.59473, -0.122115, 0.555474, 0.630934, 0.541638, -0.245082, -0.498215, 0.831695)
    Head.CFrame = CFrame.new(1.37836e-07, -2.98023e-08, 3.57628e-07, 0.894881, -0.444706, -0.0377528, 0.435298, 0.888352, -0.146103, 0.0985105, 0.114311, 0.988549)

[7]
    Time: 0.200000
    HumanoidRootPart.CFrame = CFrame.new(0, 0, 0, 1, 0, 0, 0, 1, 0, 0, 0, 1)
    Torso.CFrame = CFrame.new(0.553867, 0.0285758, -0.123026, 0.879701, 0.462182, 0.111866, -0.475033, 0.864848, 0.162423, -0.021678, -0.196024, 0.98036)
    Right Arm.CFrame = CFrame.new(0.168937, -0.357961, -0.163825, -0.30983, -0.715048, 0.626667, 0.740205, 0.232268, 0.63099, -0.596743, 0.659362, 0.457318)
    Left Arm.CFrame = CFrame.new(0.830568, -0.0677418, 0.375275, 0.77508, 0.118886, -0.620578, 0.438065, 0.606682, 0.663352, 0.455357, -0.786004, 0.418147)
    Right Leg.CFrame = CFrame.new(0.227656, 0.106741, 0.0676588, 0.866522, 0.300411, -0.398614, -0.190672, 0.937261, 0.291868, 0.461286, -0.176905, 0.869437)
    Left Leg.CFrame = CFrame.new(-0.27866, -0.195973, 0.0248922, 0.686704, -0.723017, -0.0753971, 0.643349, 0.556176, 0.526089, -0.338437, -0.409774, 0.847081)
    Head.CFrame = CFrame.new(4.47035e-08, -1.49012e-08, 3.57628e-07, 0.87382, -0.485754, -0.0219426, 0.472665, 0.859134, -0.196157, 0.114136, 0.161035, 0.980327)

[8]
    Time: 0.233333
    HumanoidRootPart.CFrame = CFrame.new(0, 0, 0, 1, 0, 0, 0, 1, 0, 0, 0, 1)
    Torso.CFrame = CFrame.new(0.621844, 0.0381746, -0.237769, 0.871971, 0.474428, 0.120771, -0.48941, 0.850835, 0.1912, -0.0120458, -0.225827, 0.974093)
    Right Arm.CFrame = CFrame.new(0.14731, -0.335345, -0.178966, -0.154782, -0.549094, 0.821303, 0.739861, 0.486491, 0.464685, -0.654712, 0.679575, 0.330953)
    Left Arm.CFrame = CFrame.new(0.724991, -0.116877, 0.387767, 0.836118, 0.2807, -0.47129, 0.303447, 0.47905, 0.823669, 0.456975, -0.831696, 0.315365)
    Right Leg.CFrame = CFrame.new(0.381427, 0.186276, 0.0754098, 0.851755, 0.385441, -0.354892, -0.262289, 0.900048, 0.34802, 0.453561, -0.203343, 0.867718)
    Left Leg.CFrame = CFrame.new(-0.369867, -0.187761, 0.0545062, 0.572206, -0.820002, 0.0132689, 0.657733, 0.468517, 0.589813, -0.489865, -0.328767, 0.807431)
    Head.CFrame = CFrame.new(1.49012e-07, -1.78814e-07, 2.38419e-07, 0.865918, -0.500034, -0.0123152, 0.484726, 0.844973, -0.225967, 0.123397, 0.1897, 0.974057)

[9]
    Time: 0.266667
    HumanoidRootPart.CFrame = CFrame.new(0, 0, 0, 1, 0, 0, 0, 1, 0, 0, 0, 1)
    Torso.CFrame = CFrame.new(0.684821, 0.0489199, -0.414552, 0.894869, 0.430715, 0.117024, -0.44612, 0.871192, 0.204942, -0.0136783, -0.235603, 0.971753)
    Right Arm.CFrame = CFrame.new(0.146455, -0.308258, -0.128889, 0.110655, -0.451151, 0.885561, 0.639226, 0.714588, 0.284174, -0.761017, 0.534628, 0.36746)
    Left Arm.CFrame = CFrame.new(0.596298, -0.168595, 0.389371, 0.860698, 0.439011, -0.257814, 0.124783, 0.309043, 0.942827, 0.493586, -0.84366, 0.211211)
    Right Leg.CFrame = CFrame.new(0.511499, 0.320078, 0.0713779, 0.807125, 0.466646, -0.36165, -0.304302, 0.853759, 0.422488, 0.505914, -0.23095, 0.831092)
    Left Leg.CFrame = CFrame.new(-0.52506, -0.0797337, 0.0552293, 0.487795, -0.868206, 0.0909612, 0.593787, 0.406373, 0.694462, -0.639901, -0.284744, 0.713757)
    Head.CFrame = CFrame.new(1.56462e-07, 0, 3.57628e-07, 0.889345, -0.457025, -0.0139314, 0.441267, 0.865864, -0.235718, 0.119792, 0.203487, 0.971722)

[10]
    Time: 0.300000
    HumanoidRootPart.CFrame = CFrame.new(0, 0, 0, 1, 0, 0, 0, 1, 0, 0, 0, 1)
    Torso.CFrame = CFrame.new(0.742917, 0.0607236, -0.530142, 0.952176, 0.290114, 0.0958918, -0.304233, 0.929287, 0.209445, -0.0283479, -0.228602, 0.973107)
    Right Arm.CFrame = CFrame.new(0.120675, -0.270875, -0.0637408, 0.428587, -0.308879, 0.849063, 0.459923, 0.883464, 0.0892354, -0.777679, 0.352258, 0.520701)
    Left Arm.CFrame = CFrame.new(0.456817, -0.218737, 0.374718, 0.825327, 0.564655, -0.000912018, -0.0781971, 0.115896, 0.990178, 0.559215, -0.817149, 0.139806)
    Right Leg.CFrame = CFrame.new(0.497503, 0.412349, 0.089761, 0.71468, 0.541544, -0.442676, -0.294516, 0.807042, 0.511804, 0.634423, -0.235401, 0.736271)
    Left Leg.CFrame = CFrame.new(-0.674786, 0.094361, -0.0703239, 0.562198, -0.818288, 0.119738, 0.498179, 0.450663, 0.740757, -0.660114, -0.356802, 0.661016)
    Head.CFrame = CFrame.new(1.49012e-08, -2.98023e-08, 4.76837e-07, 0.94838, -0.315847, -0.0285482, 0.301402, 0.925674, -0.228656, 0.0986467, 0.208248, 0.973089)

[11]
    Time: 0.333333
    HumanoidRootPart.CFrame = CFrame.new(0, 0, 0, 1, 0, 0, 0, 1, 0, 0, 0, 1)
    Torso.CFrame = CFrame.new(0.796274, 0.0734975, -0.582737, 0.985995, 0.15109, 0.0706065, -0.162089, 0.967817, 0.192503, -0.0392488, -0.201252, 0.978753)
    Right Arm.CFrame = CFrame.new(0.073388, -0.22316, -0.0019629, 0.68575, -0.132723, 0.715634, 0.222096, 0.974497, -0.0320894, -0.693124, 0.180945, 0.697738)
    Left Arm.CFrame = CFrame.new(0.311703, -0.265443, 0.343174, 0.714418, 0.646407, 0.26789, -0.289564, -0.0754119, 0.954183, 0.636993, -0.759257, 0.1333)
    Right Leg.CFrame = CFrame.new(0.428668, 0.467744, 0.100142, 0.640181, 0.570515, -0.514471, -0.244697, 0.786242, 0.567404, 0.728212, -0.237352, 0.64294)
    Left Leg.CFrame = CFrame.new(-0.717641, 0.280477, -0.212844, 0.681234, -0.709951, 0.178581, 0.389334, 0.557936, 0.732889, -0.619952, -0.429741, 0.656492)
    Head.CFrame = CFrame.new(1.19209e-07, -1.19209e-07, 2.38419e-07, 0.983937, -0.174125, -0.0393496, 0.162884, 0.9659, -0.201259, 0.0730522, 0.191617, 0.978747)

[12]
    Time: 0.366667
    HumanoidRootPart.CFrame = CFrame.new(0, 0, 0, 1, 0, 0, 0, 1, 0, 0, 0, 1)
    Torso.CFrame = CFrame.new(0.845047, 0.0871534, -0.612174, 0.996257, 0.0705434, 0.0499628, -0.0773943, 0.985343, 0.152017, -0.0385067, -0.155315, 0.987114)
    Right Arm.CFrame = CFrame.new(0.0225526, -0.177005, 0.0513577, 0.82002, 0.0305221, 0.571521, -0.00455519, 0.998893, -0.0468102, -0.572317, 0.0357817, 0.819251)
    Left Arm.CFrame = CFrame.new(0.162396, -0.304418, 0.297145, 0.51249, 0.686823, 0.515391, -0.498109, -0.251122, 0.829955, 0.699458, -0.682065, 0.213415)
    Right Leg.CFrame = CFrame.new(0.371576, 0.523221, 0.0812027, 0.62779, 0.541244, -0.559406, -0.171008, 0.797023, 0.579233, 0.759366, -0.267973, 0.59292)
    Left Leg.CFrame = CFrame.new(-0.662683, 0.45532, -0.280827, 0.756332, -0.586673, 0.289443, 0.265085, 0.679339, 0.684272, -0.598074, -0.44081, 0.669324)
    Head.CFrame = CFrame.new(9.31323e-08, 7.45058e-09, 2.38419e-07, 0.995238, -0.0895592, -0.0384761, 0.0825806, 0.984409, -0.155304, 0.0517851, 0.151387, 0.987117)

[13]
    Time: 0.400000
    HumanoidRootPart.CFrame = CFrame.new(0, 0, 0, 1, 0, 0, 0, 1, 0, 0, 0, 1)
    Torso.CFrame = CFrame.new(0.889411, 0.101603, -0.615224, 0.998921, 0.0331343, 0.0325319, -0.0359758, 0.995197, 0.0910425, -0.029359, -0.0921146, 0.995315)
    Right Arm.CFrame = CFrame.new(-0.0163383, -0.15076, 0.107876, 0.846823, 0.140224, 0.513058, -0.176753, 0.983991, 0.022804, -0.501647, -0.109996, 0.858051)
    Left Arm.CFrame = CFrame.new(0.018637, -0.333519, 0.243982, 0.215678, 0.685711, 0.695186, -0.671583, -0.412652, 0.615382, 0.708844, -0.599599, 0.371512)
    Right Leg.CFrame = CFrame.new(0.308407, 0.570289, 0.0500199, 0.657702, 0.458158, -0.597929, -0.0759386, 0.830053, 0.552491, 0.749441, -0.317968, 0.580719)
    Left Leg.CFrame = CFrame.new(-0.542933, 0.589534, -0.269526, 0.791911, -0.443346, 0.419906, 0.140191, 0.801286, 0.581625, -0.594325, -0.401728, 0.696701)
    Head.CFrame = CFrame.new(1.04774e-07, 1.11759e-08, -1.19209e-07, 0.998413, -0.0481738, -0.0291806, 0.0453038, 0.994719, -0.0920985, 0.0334632, 0.0906303, 0.995322)

[14]
    Time: 0.433333
    HumanoidRootPart.CFrame = CFrame.new(0, 0, 0, 1, 0, 0, 0, 1, 0, 0, 0, 1)
    Torso.CFrame = CFrame.new(0.929558, 0.116758, -0.588944, 0.9996, 0.0235007, 0.0157501, -0.0236934, 0.999645, 0.0121598, -0.0154587, -0.0125281, 0.999802)
    Right Arm.CFrame = CFrame.new(-0.0393343, -0.183333, 0.182979, 0.817101, 0.170822, 0.550605, -0.296446, 0.943643, 0.147168, -0.494435, -0.283475, 0.821691)
    Left Arm.CFrame = CFrame.new(-0.1091, -0.356305, 0.192725, -0.138086, 0.645543, 0.751137, -0.763713, -0.552287, 0.334248, 0.630614, -0.527498, 0.569273)
    Right Leg.CFrame = CFrame.new(0.221728, 0.59268, 0.0190408, 0.702998, 0.320514, -0.634873, 0.0458386, 0.870413, 0.490184, 0.709713, -0.3737, 0.597207)
    Left Leg.CFrame = CFrame.new(-0.38305, 0.652344, -0.19908, 0.80239, -0.26932, 0.532576, 0.0217859, 0.90501, 0.424833, -0.596403, -0.329279, 0.732038)
    Head.CFrame = CFrame.new(3.05008e-08, -9.31323e-09, 2.38419e-07, 0.999241, -0.0358983, -0.0151276, 0.0357105, 0.999284, -0.0125088, 0.0155658, 0.0119591, 0.999807)

[15]
    Time: 0.466667
    HumanoidRootPart.CFrame = CFrame.new(0, 0, 0, 1, 0, 0, 0, 1, 0, 0, 0, 1)
    Torso.CFrame = CFrame.new(0.965693, 0.132531, -0.531842, 0.999525, 0.0307154, -0.00253605, -0.0308199, 0.996224, -0.0811703, 3.32948e-05, 0.0812099, 0.996697)
    Right Arm.CFrame = CFrame.new(-0.0505214, -0.264032, 0.262179, 0.788873, 0.134265, 0.59971, -0.372431, 0.880682, 0.292735, -0.48885, -0.454282, 0.744751)
    Left Arm.CFrame = CFrame.new(-0.216968, -0.378924, 0.150518, -0.466549, 0.585359, 0.663089, -0.753299, -0.655854, 0.0489529, 0.463545, -0.476665, 0.746938)
    Right Leg.CFrame = CFrame.new(0.104505, 0.564771, -0.00524604, 0.73591, 0.128706, -0.664734, 0.200053, 0.896603, 0.395073, 0.646851, -0.42372, 0.634071)
    Left Leg.CFrame = CFrame.new(-0.225377, 0.620291, -0.107694, 0.802526, -0.0697039, 0.592532, -0.0928442, 0.966462, 0.23944, -0.589349, -0.24717, 0.769139)
    Head.CFrame = CFrame.new(8.15344e-08, 5.21541e-08, 2.38419e-07, 0.999074, -0.0430213, 0.00051176, 0.0428376, 0.995774, 0.0812371, -0.00400452, -0.0811399, 0.996695)

[16]
    Time: 0.500000
    HumanoidRootPart.CFrame = CFrame.new(0, 0, 0, 1, 0, 0, 0, 1, 0, 0, 0, 1)
    Torso.CFrame = CFrame.new(0.998036, 0.148833, -0.446107, 0.998252, 0.0538835, -0.0242746, -0.0574291, 0.98139, -0.183236, 0.0139494, 0.18431, 0.982769)
    Right Arm.CFrame = CFrame.new(-0.0566146, -0.335269, 0.324283, 0.795501, 0.0715633, 0.601712, -0.404477, 0.802104, 0.439348, -0.451194, -0.592881, 0.667021)
    Left Arm.CFrame = CFrame.new(-0.306451, -0.404203, 0.118524, -0.693886, 0.537527, 0.479152, -0.674894, -0.717478, -0.172463, 0.251077, -0.443047, 0.860622)
    Right Leg.CFrame = CFrame.new(-0.0403058, 0.448993, -0.0311704, 0.729942, -0.118173, -0.673216, 0.394472, 0.87719, 0.273733, 0.558191, -0.465374, 0.686913)
    Left Leg.CFrame = CFrame.new(-0.0910135, 0.496768, -0.0231151, 0.781981, 0.141324, 0.60707, -0.215754, 0.97512, 0.0509124, -0.584771, -0.17079, 0.793016)
    Head.CFrame = CFrame.new(4.56348e-08, 1.49012e-08, 1.19209e-07, 0.997468, -0.0696111, 0.014559, 0.0657471, 0.980658, 0.184356, -0.0271106, -0.182932, 0.982752)

[17]
    Time: 0.533333
    HumanoidRootPart.CFrame = CFrame.new(0, 0, 0, 1, 0, 0, 0, 1, 0, 0, 0, 1)
    Torso.CFrame = CFrame.new(1.02682, 0.165575, -0.340542, 0.993621, 0.0998215, -0.0524698, -0.110706, 0.952054, -0.285198, 0.0214852, 0.289187, 0.957031)
    Right Arm.CFrame = CFrame.new(-0.0671604, -0.353031, 0.36125, 0.851505, 0.026617, 0.52367, -0.381441, 0.716708, 0.583808, -0.359779, -0.696865, 0.620434)
    Left Arm.CFrame = CFrame.new(-0.377458, -0.430322, 0.0921878, -0.799346, 0.530479, 0.282202, -0.598718, -0.742892, -0.299413, 0.0508131, -0.408294, 0.911435)
    Right Leg.CFrame = CFrame.new(-0.107408, 0.331199, -0.024696, 0.698263, -0.331466, -0.634476, 0.519864, 0.844123, 0.131138, 0.492108, -0.42141, 0.761737)
    Left Leg.CFrame = CFrame.new(0.0278807, 0.295086, 0.0240127, 0.713896, 0.350257, 0.606361, -0.347436, 0.928986, -0.127565, -0.607982, -0.119603, 0.784891)
    Head.CFrame = CFrame.new(1.58325e-07, 1.19209e-07, 2.38419e-07, 0.99218, -0.122826, 0.0221976, 0.111227, 0.950763, 0.289273, -0.0566348, -0.284542, 0.956989)

[18]
    Time: 0.566667
    HumanoidRootPart.CFrame = CFrame.new(0, 0, 0, 1, 0, 0, 0, 1, 0, 0, 0, 1)
    Torso.CFrame = CFrame.new(1.05228, 0.182671, -0.231834, 0.979711, 0.178718, -0.0906971, -0.199821, 0.905883, -0.373428, 0.0154226, 0.383974, 0.923215)
    Right Arm.CFrame = CFrame.new(-0.0857116, -0.32191, 0.38052, 0.928074, 0.011583, 0.372215, -0.2969, 0.626341, 0.720796, -0.224785, -0.779463, 0.58473)
    Left Arm.CFrame = CFrame.new(-0.426917, -0.45554, 0.0648484, -0.805925, 0.577508, 0.130264, -0.583398, -0.737319, -0.340599, -0.100653, -0.350493, 0.931141)
    Right Leg.CFrame = CFrame.new(-0.026934, 0.324564, 0.0434792, 0.735101, -0.435737, -0.519384, 0.501093, 0.865233, -0.0166734, 0.456653, -0.248003, 0.854378)
    Left Leg.CFrame = CFrame.new(0.13419, 0.0467296, 0.000241399, 0.586303, 0.530238, 0.612451, -0.467472, 0.8389, -0.278776, -0.661603, -0.122856, 0.739722)
    Head.CFrame = CFrame.new(5.96046e-08, -1.49012e-07, 2.38419e-07, 0.977187, -0.211764, 0.0161936, 0.189458, 0.903632, 0.384129, -0.0959778, -0.372298, 0.923137)

[19]
    Time: 0.600000
    HumanoidRootPart.CFrame = CFrame.new(0, 0, 0, 1, 0, 0, 0, 1, 0, 0, 0, 1)
    Torso.CFrame = CFrame.new(1.07468, 0.200031, -0.140612, 0.946575, 0.29125, -0.138451, -0.32239, 0.844372, -0.427902, -0.00772251, 0.449676, 0.893158)
    Right Arm.CFrame = CFrame.new(-0.112206, -0.259214, 0.38869, 0.985387, 0.0253863, 0.16843, -0.15592, 0.532516, 0.831935, -0.0685719, -0.846039, 0.528693)
    Left Arm.CFrame = CFrame.new(-0.455011, -0.480912, 0.0302348, -0.742608, 0.669311, 0.0235778, -0.63909, -0.697673, -0.323753, -0.200242, -0.25549, 0.945848)
    Right Leg.CFrame = CFrame.new(0.112226, 0.301028, 0.0889803, 0.824729, -0.455065, -0.335764, 0.437092, 0.889657, -0.132142, 0.358848, -0.0377789, 0.932631)
    Left Leg.CFrame = CFrame.new(0.225631, -0.186219, -0.0905664, 0.419715, 0.639252, 0.644357, -0.537154, 0.747186, -0.39138, -0.731646, -0.181851, 0.656982)
    Head.CFrame = CFrame.new(1.78814e-07, 5.96046e-08, 2.38419e-07, 0.942576, -0.333919, -0.00695496, 0.301167, 0.840752, 0.449927, -0.144392, -0.426185, 0.893038)

[20]
    Time: 0.633333
    HumanoidRootPart.CFrame = CFrame.new(0, 0, 0, 1, 0, 0, 0, 1, 0, 0, 0, 1)
    Torso.CFrame = CFrame.new(1.09427, 0.217568, -0.0835028, 0.906339, 0.385297, -0.173484, -0.421698, 0.798658, -0.42932, -0.026861, 0.462268, 0.886334)
    Right Arm.CFrame = CFrame.new(-0.143673, -0.182567, 0.390463, 0.997019, 0.0596865, -0.0488964, 0.0178973, 0.437537, 0.899022, 0.0750533, -0.897217, 0.435164)
    Left Arm.CFrame = CFrame.new(-0.46072, -0.512946, -0.0148674, -0.615568, 0.785893, -0.0587205, -0.749655, -0.606908, -0.26397, -0.24309, -0.118472, 0.962742)
    Right Leg.CFrame = CFrame.new(0.254623, 0.239737, 0.0863739, 0.917715, -0.35228, -0.183571, 0.316659, 0.927775, -0.197385, 0.239848, 0.123013, 0.962985)
    Left Leg.CFrame = CFrame.new(0.271123, -0.283805, -0.138887, 0.329969, 0.645375, 0.68892, -0.513939, 0.734973, -0.442358, -0.791825, -0.208099, 0.574202)
    Head.CFrame = CFrame.new(2.16067e-07, -2.08616e-07, 1.19209e-07, 0.901145, -0.432729, -0.0261519, 0.394651, 0.793893, 0.462585, -0.179412, -0.427177, 0.886189)

[21]
    Time: 0.666667
    HumanoidRootPart.CFrame = CFrame.new(0, 0, 0, 1, 0, 0, 0, 1, 0, 0, 0, 1)
    Torso.CFrame = CFrame.new(1.11131, 0.235192, -0.0682034, 0.889861, 0.424983, -0.165941, -0.456116, 0.820542, -0.344484, -0.0102382, 0.382232, 0.92401)
    Right Arm.CFrame = CFrame.new(-0.174199, -0.107955, 0.391238, 0.967769, 0.0987804, -0.231658, 0.186035, 0.339609, 0.921985, 0.169747, -0.935365, 0.310286)
    Left Arm.CFrame = CFrame.new(-0.437975, -0.559837, -0.0682899, -0.423942, 0.894635, -0.141071, -0.87981, -0.443771, -0.170298, -0.214958, 0.0519189, 0.975242)
    Right Leg.CFrame = CFrame.new(0.396233, 0.165004, 0.0872909, 0.985154, -0.0614651, -0.160291, 0.0272055, 0.977805, -0.207742, 0.169503, 0.200297, 0.964961)
    Left Leg.CFrame = CFrame.new(0.257525, -0.160249, -0.00594056, 0.422447, 0.494105, 0.759867, -0.323257, 0.86535, -0.382982, -0.846784, -0.0838428, 0.525287)
    Head.CFrame = CFrame.new(1.67638e-07, 2.38419e-07, 2.38419e-07, 0.884233, -0.466947, -0.00960467, 0.434694, 0.815289, 0.382551, -0.170801, -0.34244, 0.923884)

[22]
    Time: 0.700000
    HumanoidRootPart.CFrame = CFrame.new(0, 0, 0, 1, 0, 0, 0, 1, 0, 0, 0, 1)
    Torso.CFrame = CFrame.new(1.12607, 0.217084, -0.0823267, 0.899245, 0.418535, -0.127227, -0.436537, 0.877315, -0.199385, 0.0281686, 0.234836, 0.971627)
    Right Arm.CFrame = CFrame.new(-0.196155, -0.0482244, 0.397531, 0.931154, 0.122681, -0.343367, 0.310065, 0.229096, 0.922699, 0.191862, -0.965642, 0.175285)
    Left Arm.CFrame = CFrame.new(-0.376344, -0.622596, -0.119966, -0.184877, 0.952014, -0.243905, -0.976964, -0.204955, -0.0594549, -0.106591, 0.227294, 0.967975)
    Right Leg.CFrame = CFrame.new(0.467158, 0.00359929, 0.102433, 0.915677, 0.323926, -0.237922, -0.363954, 0.919432, -0.148941, 0.170507, 0.222975, 0.959797)
    Left Leg.CFrame = CFrame.new(0.179335, -0.0239576, 0.140488, 0.510445, 0.202757, 0.835665, -0.0348029, 0.975879, -0.215518, -0.859206, 0.0809267, 0.50519)
    Head.CFrame = CFrame.new(2.51457e-08, 6.98492e-08, 2.38419e-07, 0.893829, -0.447488, 0.0287208, 0.429073, 0.872135, 0.235111, -0.130258, -0.197825, 0.971544)

[23]
    Time: 0.733333
    HumanoidRootPart.CFrame = CFrame.new(0, 0, 0, 1, 0, 0, 0, 1, 0, 0, 0, 1)
    Torso.CFrame = CFrame.new(1.13882, 0.199162, -0.113998, 0.926716, 0.365012, -0.0892441, -0.371654, 0.925383, -0.0744225, 0.0554199, 0.102136, 0.993225)
    Right Arm.CFrame = CFrame.new(-0.202021, -0.00767303, 0.412986, 0.920451, 0.111588, -0.374591, 0.365188, 0.0960729, 0.925963, 0.139314, -0.9891, 0.0476801)
    Left Arm.CFrame = CFrame.new(-0.270239, -0.686743, -0.155578, 0.0538543, 0.926613, -0.372139, -0.996433, 0.0741138, 0.0403415, 0.0649616, 0.368639, 0.9273)
    Right Leg.CFrame = CFrame.new(0.366708, -0.160653, 0.11916, 0.752394, 0.562244, -0.343198, -0.615323, 0.785871, -0.0615212, 0.235119, 0.257466, 0.937246)
    Left Leg.CFrame = CFrame.new(0.0689444, 0.0336998, 0.217211, 0.531597, -0.0476408, 0.845657, 0.170612, 0.983975, -0.051817, -0.829636, 0.171825, 0.531206)
    Head.CFrame = CFrame.new(1.37836e-07, 5.96046e-08, 2.38419e-07, 0.922077, -0.38295, 0.0558859, 0.37624, 0.920853, 0.102338, -0.090653, -0.073337, 0.993179)

[24]
    Time: 0.766667
    HumanoidRootPart.CFrame = CFrame.new(0, 0, 0, 1, 0, 0, 0, 1, 0, 0, 0, 1)
    Torso.CFrame = CFrame.new(1.14974, 0.181609, -0.165272, 0.958366, 0.279335, -0.0592081, -0.277967, 0.96011, 0.0303764, 0.0653315, -0.0126538, 0.997783)
    Right Arm.CFrame = CFrame.new(-0.190103, 0.014207, 0.432787, 0.932665, 0.0599522, -0.355727, 0.358592, -0.0465381, 0.932333, 0.0393404, -0.997116, -0.0649027)
    Left Arm.CFrame = CFrame.new(-0.136945, -0.730408, -0.151946, 0.235089, 0.8442, -0.481726, -0.929937, 0.339532, 0.14119, 0.282754, 0.414783, 0.864873)
    Right Leg.CFrame = CFrame.new(0.185933, -0.236332, 0.1215, 0.571767, 0.690661, -0.442797, -0.752049, 0.656927, 0.053563, 0.327879, 0.30238, 0.895021)
    Left Leg.CFrame = CFrame.new(-0.0539423, 0.0684484, 0.258949, 0.536256, -0.249766, 0.806255, 0.312994, 0.945956, 0.0848653, -0.783878, 0.206843, 0.585449)
    Head.CFrame = CFrame.new(9.68575e-08, -4.47035e-08, 0, 0.954871, -0.289662, 0.0657073, 0.291056, 0.956624, -0.0125269, -0.0592286, 0.031086, 0.99776)

[25]
    Time: 0.800000
    HumanoidRootPart.CFrame = CFrame.new(0, 0, 0, 1, 0, 0, 0, 1, 0, 0, 0, 1)
    Torso.CFrame = CFrame.new(1.15874, 0.164612, -0.237671, 0.982988, 0.17961, -0.0383948, -0.174181, 0.977933, 0.115362, 0.0582678, -0.106712, 0.992581)
    Right Arm.CFrame = CFrame.new(-0.162974, 0.0124033, 0.452254, 0.947593, -0.0271955, -0.31832, 0.308952, -0.175668, 0.934714, -0.0813386, -0.984074, -0.158059)
    Left Arm.CFrame = CFrame.new(-0.00888862, -0.735304, -0.0973756, 0.350645, 0.768396, -0.535365, -0.795045, 0.546353, 0.263442, 0.494926, 0.333265, 0.802485)
    Right Leg.CFrame = CFrame.new(0.00197657, -0.234748, 0.0919398, 0.406131, 0.75488, -0.514989, -0.81541, 0.553766, 0.168671, 0.41251, 0.351424, 0.840438)
    Left Leg.CFrame = CFrame.new(-0.180282, 0.105781, 0.28183, 0.537268, -0.406135, 0.739187, 0.413474, 0.890714, 0.188861, -0.735107, 0.204165, 0.646479)
    Head.CFrame = CFrame.new(4.84288e-08, 0, 2.38419e-07, 0.980768, -0.186188, 0.0585585, 0.191587, 0.975665, -0.106642, -0.0372779, 0.11581, 0.992572)

[26]
    Time: 0.833333
    HumanoidRootPart.CFrame = CFrame.new(0, 0, 0, 1, 0, 0, 0, 1, 0, 0, 0, 1)
    Torso.CFrame = CFrame.new(1.16567, 0.148355, -0.330902, 0.996049, 0.0854709, -0.0240897, -0.07972, 0.980167, 0.181432, 0.0391191, -0.178795, 0.983108)
    Right Arm.CFrame = CFrame.new(-0.126937, -0.0169552, 0.470151, 0.948228, -0.135498, -0.287235, 0.243361, -0.271104, 0.931278, -0.204057, -0.952965, -0.224093)
    Left Arm.CFrame = CFrame.new(0.0941125, -0.68816, -0.00890982, 0.433788, 0.731301, -0.526334, -0.636506, 0.662175, 0.395454, 0.637721, 0.163472, 0.752721)
    Right Leg.CFrame = CFrame.new(-0.145555, -0.190946, 0.0324006, 0.271192, 0.784303, -0.557964, -0.840663, 0.475318, 0.259536, 0.468765, 0.398676, 0.788237)
    Left Leg.CFrame = CFrame.new(-0.301406, 0.157899, 0.295724, 0.531206, -0.522853, 0.666667, 0.485855, 0.83262, 0.265873, -0.694093, 0.18267, 0.696324)
    Head.CFrame = CFrame.new(1.19209e-07, 7.45058e-09, 0, 0.994991, -0.0918972, 0.039346, 0.0974938, 0.979051, -0.178759, -0.0220942, 0.1817, 0.983106)

[27]
    Time: 0.866667
    HumanoidRootPart.CFrame = CFrame.new(0, 0, 0, 1, 0, 0, 0, 1, 0, 0, 0, 1)
    Torso.CFrame = CFrame.new(1.17036, 0.133023, -0.440298, 0.999812, 0.0156093, -0.0115147, -0.012539, 0.973039, 0.230301, 0.0147991, -0.230113, 0.973051)
    Right Arm.CFrame = CFrame.new(-0.0891594, -0.0729346, 0.48758, 0.928096, -0.24843, -0.277346, 0.189989, -0.32464, 0.92656, -0.320223, -0.912629, -0.254098)
    Left Arm.CFrame = CFrame.new(0.165835, -0.587085, 0.0940369, 0.515935, 0.731027, -0.446554, -0.50438, 0.680591, 0.53141, 0.692396, -0.04894, 0.719856)
    Right Leg.CFrame = CFrame.new(-0.234466, -0.138254, -0.0298012, 0.169346, 0.800609, -0.574759, -0.852372, 0.411738, 0.322388, 0.494756, 0.435313, 0.752143)
    Left Leg.CFrame = CFrame.new(-0.547708, 0.174547, 0.249425, 0.590716, -0.652119, 0.475179, 0.582722, 0.75213, 0.30779, -0.558113, 0.0950811, 0.8243)
    Head.CFrame = CFrame.new(-5.7742e-08, -9.87202e-08, 5.96046e-07, 0.999581, -0.024768, 0.0150016, 0.0275571, 0.972778, -0.230094, -0.00889426, 0.230411, 0.973053)

[28]
    Time: 0.900000
    HumanoidRootPart.CFrame = CFrame.new(0, 0, 0, 1, 0, 0, 0, 1, 0, 0, 0, 1)
    Torso.CFrame = CFrame.new(1.17264, 0.118802, -0.55329, 0.999904, -0.013098, 0.00457544, 0.0114315, 0.964654, 0.263272, -0.00786205, -0.263195, 0.964711)
    Right Arm.CFrame = CFrame.new(-0.0524772, -0.148545, 0.503841, 0.888475, -0.360304, -0.284241, 0.157071, -0.343215, 0.92603, -0.431208, -0.867401, -0.248345)
    Left Arm.CFrame = CFrame.new(0.209701, -0.449752, 0.194489, 0.595543, 0.741576, -0.30886, -0.42507, 0.617145, 0.662154, 0.681648, -0.263054, 0.682758)
    Right Leg.CFrame = CFrame.new(-0.246231, -0.148911, -0.0315472, 0.0594213, 0.822414, -0.565777, -0.88054, 0.310173, 0.358388, 0.470233, 0.476893, 0.742599)
    Left Leg.CFrame = CFrame.new(-0.89293, 0.0858867, 0.0128043, 0.639526, -0.765076, 0.075261, 0.729328, 0.634756, 0.255277, -0.243079, -0.108366, 0.963934)
    Head.CFrame = CFrame.new(1.86265e-09, -4.47035e-08, 3.57628e-07, 0.99997, -0.000800175, -0.00765276, -0.00124214, 0.964746, -0.263182, 0.00759355, 0.263183, 0.964716)

[29]
    Time: 0.933333
    HumanoidRootPart.CFrame = CFrame.new(0, 0, 0, 1, 0, 0, 0, 1, 0, 0, 0, 1)
    Torso.CFrame = CFrame.new(1.17236, 0.105877, -0.648457, 0.999656, -0.000268559, 0.0262436, -0.00710159, 0.959877, 0.280333, -0.0252659, -0.280422, 0.959544)
    Right Arm.CFrame = CFrame.new(-0.0180779, -0.236427, 0.516394, 0.830478, -0.469549, -0.299715, 0.1467, -0.334693, 0.930838, -0.537387, -0.817009, -0.209072)
    Left Arm.CFrame = CFrame.new(0.226172, -0.301083, 0.279952, 0.654444, 0.744345, -0.132866, -0.406437, 0.49449, 0.768303, 0.637583, -0.44881, 0.626145)
    Right Leg.CFrame = CFrame.new(-0.221666, -0.190696, -0.00905299, -0.0226853, 0.841746, -0.539398, -0.906464, 0.210249, 0.366223, 0.421674, 0.497252, 0.758242)
    Left Leg.CFrame = CFrame.new(-1.07001, -0.0304737, -0.332863, 0.542232, -0.775574, -0.323219, 0.834721, 0.541202, 0.101696, 0.0960545, -0.324941, 0.940844)
    Head.CFrame = CFrame.new(-1.21538e-07, -1.92085e-09, -1.19209e-07, 0.9995, -0.0193284, -0.0250372, 0.0115368, 0.959812, -0.280407, 0.0294509, 0.279978, 0.959555)

[30]
    Time: 0.966667
    HumanoidRootPart.CFrame = CFrame.new(0, 0, 0, 1, 0, 0, 0, 1, 0, 0, 0, 1)
    Torso.CFrame = CFrame.new(1.16934, 0.0944324, -0.722181, 0.998004, 0.037291, 0.0509687, -0.0501716, 0.958324, 0.281243, -0.0383567, -0.283239, 0.958282)
    Right Arm.CFrame = CFrame.new(0.0129062, -0.329852, 0.521918, 0.754883, -0.574734, -0.315963, 0.16039, -0.305355, 0.938634, -0.635945, -0.759236, -0.138326)
    Left Arm.CFrame = CFrame.new(0.204181, -0.166456, 0.342178, 0.673692, 0.736564, 0.0601073, -0.442002, 0.336415, 0.831541, 0.592262, -0.58677, 0.552202)
    Right Leg.CFrame = CFrame.new(-0.179795, -0.235735, 0.00797629, -0.0614072, 0.858572, -0.509002, -0.92653, 0.14061, 0.348956, 0.371175, 0.493034, 0.786859)
    Left Leg.CFrame = CFrame.new(-1.09135, -0.065641, -0.519956, 0.41818, -0.750393, -0.511894, 0.8628, 0.504366, -0.0345138, 0.284081, -0.427229, 0.858355)
    Head.CFrame = CFrame.new(-1.39698e-07, -1.00583e-07, -5.96046e-08, 0.997326, -0.0623743, -0.038095, 0.0490843, 0.9578, -0.283213, 0.0541526, 0.280586, 0.9583)

[31]
    Time: 1.000000
    HumanoidRootPart.CFrame = CFrame.new(0, 0, 0, 1, 0, 0, 0, 1, 0, 0, 0, 1)
    Torso.CFrame = CFrame.new(1.16343, 0.0846536, -0.784078, 0.993036, 0.09029, 0.0756727, -0.107351, 0.958094, 0.265579, -0.0485224, -0.271853, 0.961115)
    Right Arm.CFrame = CFrame.new(0.0390429, -0.422339, 0.516929, 0.663456, -0.673675, -0.325558, 0.198683, -0.260868, 0.944708, -0.721354, -0.691455, -0.0392269)
    Left Arm.CFrame = CFrame.new(0.138138, -0.0688931, 0.376561, 0.638119, 0.727866, 0.251028, -0.514722, 0.160818, 0.842139, 0.572595, -0.666595, 0.47727)
    Right Leg.CFrame = CFrame.new(-0.117221, -0.295381, 0.0239877, -0.0763838, 0.87492, -0.478206, -0.945973, 0.0879873, 0.312081, 0.315121, 0.476207, 0.820929)
    Left Leg.CFrame = CFrame.new(-1.10077, -0.0512698, -0.540934, 0.35802, -0.753054, -0.552025, 0.868278, 0.485941, -0.0997767, 0.343389, -0.443589, 0.827836)
    Head.CFrame = CFrame.new(6.70552e-08, -6.70552e-08, 2.38419e-07, 0.991664, -0.119487, -0.0482136, 0.102086, 0.956921, -0.27181, 0.0786144, 0.264622, 0.961143)

[32]
    Time: 1.033333
    HumanoidRootPart.CFrame = CFrame.new(0, 0, 0, 1, 0, 0, 0, 1, 0, 0, 0, 1)
    Torso.CFrame = CFrame.new(1.15447, 0.0767255, -0.827044, 0.984052, 0.149358, 0.0966086, -0.16825, 0.957813, 0.232994, -0.0577334, -0.245533, 0.967668)
    Right Arm.CFrame = CFrame.new(0.0585309, -0.507383, 0.498342, 0.560098, -0.763269, -0.32204, 0.260229, -0.206957, 0.943107, -0.786493, -0.612037, 0.0827081)
    Left Arm.CFrame = CFrame.new(0.0326436, -0.0138876, 0.383374, 0.53551, 0.728459, 0.427289, -0.601441, -0.0262296, 0.798487, 0.592872, -0.684587, 0.424079)
    Right Leg.CFrame = CFrame.new(-0.0376853, -0.360779, 0.0308608, -0.0651395, 0.889932, -0.451418, -0.964043, 0.0606753, 0.258727, 0.257639, 0.452039, 0.85398)
    Left Leg.CFrame = CFrame.new(-1.12838, -0.0352162, -0.488705, 0.352023, -0.775655, -0.523869, 0.881837, 0.46246, -0.0921659, 0.313757, -0.429523, 0.846798)
    Head.CFrame = CFrame.new(1.41561e-07, 4.47035e-08, 2.38419e-07, 0.981943, -0.180269, -0.0573632, 0.161152, 0.955918, -0.245461, 0.0990836, 0.231785, 0.967708)

[33]
    Time: 1.066667
    HumanoidRootPart.CFrame = CFrame.new(0, 0, 0, 1, 0, 0, 0, 1, 0, 0, 0, 1)
    Torso.CFrame = CFrame.new(1.14229, 0.0708336, -0.840497, 0.972531, 0.205068, 0.110135, -0.222644, 0.957554, 0.183085, -0.0679155, -0.202577, 0.976908)
    Right Arm.CFrame = CFrame.new(0.0694031, -0.578414, 0.463968, 0.451372, -0.839997, -0.301112, 0.340924, -0.149507, 0.928126, -0.824642, -0.521586, 0.218892)
    Left Arm.CFrame = CFrame.new(-0.0995974, 0.0117238, 0.367164, 0.362674, 0.728292, 0.581428, -0.674355, -0.225522, 0.703125, 0.643205, -0.647094, 0.409337)
    Right Leg.CFrame = CFrame.new(0.0537702, -0.421423, 0.0247946, -0.0200603, 0.900895, -0.433573, -0.97915, 0.0699778, 0.190705, 0.202146, 0.428358, 0.880708)
    Left Leg.CFrame = CFrame.new(-1.15819, -0.00554907, -0.42142, 0.387742, -0.791549, -0.472341, 0.892073, 0.451258, -0.0239205, 0.232082, -0.412088, 0.881091)
    Head.CFrame = CFrame.new(1.37836e-07, -1.49012e-08, 2.38419e-07, 0.969768, -0.234515, -0.0674689, 0.216852, 0.954978, -0.202467, 0.111913, 0.181716, 0.976962)

[34]
    Time: 1.100000
    HumanoidRootPart.CFrame = CFrame.new(0, 0, 0, 1, 0, 0, 0, 1, 0, 0, 0, 1)
    Torso.CFrame = CFrame.new(1.12672, 0.0671627, -0.817124, 0.962085, 0.24805, 0.113417, -0.260654, 0.958619, 0.114493, -0.0803238, -0.139714, 0.986929)
    Right Arm.CFrame = CFrame.new(0.0699386, -0.629039, 0.412776, 0.345929, -0.900955, -0.261942, 0.4338, -0.0939685, 0.896096, -0.831956, -0.423616, 0.358327)
    Left Arm.CFrame = CFrame.new(-0.242034, 0.0136915, 0.329987, 0.12429, 0.707697, 0.695497, -0.703534, -0.431427, 0.564721, 0.699708, -0.559495, 0.444267)
    Right Leg.CFrame = CFrame.new(0.151147, -0.465239, 0.00845838, 0.0686513, 0.900405, -0.429603, -0.986039, 0.12672, 0.108021, 0.151701, 0.41619, 0.896534)
    Left Leg.CFrame = CFrame.new(-1.17371, 0.0808283, -0.344206, 0.477698, -0.780564, -0.403144, 0.869114, 0.486869, 0.0871698, 0.128237, -0.392019, 0.910976)
    Head.CFrame = CFrame.new(-2.98023e-08, -5.96046e-08, 0, 0.958873, -0.27239, -0.0797837, 0.259825, 0.955518, -0.13956, 0.11425, 0.113091, 0.986994)

[35]
    Time: 1.133333
    HumanoidRootPart.CFrame = CFrame.new(0, 0, 0, 1, 0, 0, 0, 1, 0, 0, 0, 1)
    Torso.CFrame = CFrame.new(1.10761, 0.0658979, -0.768668, 0.957475, 0.268357, 0.105955, -0.27284, 0.961589, 0.0300916, -0.0938097, -0.0577207, 0.993916)
    Right Arm.CFrame = CFrame.new(0.059102, -0.653443, 0.344759, 0.252809, -0.944953, -0.207731, 0.530081, -0.0443354, 0.846787, -0.809384, -0.324189, 0.489693)
    Left Arm.CFrame = CFrame.new(-0.378875, -0.00676751, 0.27546, -0.157582, 0.648905, 0.744372, -0.66501, -0.626977, 0.405785, 0.73002, -0.43107, 0.530329)
    Right Leg.CFrame = CFrame.new(0.255266, -0.482709, 0.00286949, 0.190309, 0.875259, -0.44464, -0.97468, 0.222614, 0.0210392, 0.117398, 0.429377, 0.895463)
    Left Leg.CFrame = CFrame.new(-1.16367, 0.229198, -0.284564, 0.609067, -0.727228, -0.316507, 0.792788, 0.569751, 0.216495, 0.0228886, -0.382783, 0.923555)
    Head.CFrame = CFrame.new(2.49594e-07, 2.23517e-08, 3.57628e-07, 0.954135, -0.284514, -0.0931535, 0.280121, 0.958239, -0.0575331, 0.105632, 0.0288001, 0.993988)

[36]
    Time: 1.166667
    HumanoidRootPart.CFrame = CFrame.new(0, 0, 0, 1, 0, 0, 0, 1, 0, 0, 0, 1)
    Torso.CFrame = CFrame.new(1.08478, 0.0688694, -0.717558, 0.959874, 0.273227, 0.0631509, -0.269412, 0.960978, -0.0627569, -0.0778335, 0.0432251, 0.996029)
    Right Arm.CFrame = CFrame.new(0.037283, -0.649484, 0.262936, 0.180375, -0.972932, -0.144459, 0.6198, -0.00161206, 0.784758, -0.763749, -0.231086, 0.602732)
    Left Arm.CFrame = CFrame.new(-0.499751, -0.0511478, 0.21076, -0.440727, 0.547703, 0.711183, -0.556328, -0.788433, 0.262434, 0.704456, -0.27999, 0.652187)
    Right Leg.CFrame = CFrame.new(0.400842, -0.430893, 0.0530691, 0.324895, 0.823833, -0.464482, -0.935311, 0.352658, -0.0287355, 0.14013, 0.443771, 0.885117)
    Left Leg.CFrame = CFrame.new(-1.1211, 0.396856, -0.26547, 0.749776, -0.617823, -0.236918, 0.661641, 0.695592, 0.27997, -0.00817397, -0.366669, 0.930316)
    Head.CFrame = CFrame.new(8.31205e-08, -3.81842e-08, 0, 0.956579, -0.281108, -0.0770403, 0.284898, 0.957574, 0.0434271, 0.061564, -0.0634901, 0.996082)

[37]
    Time: 1.200000
    HumanoidRootPart.CFrame = CFrame.new(0, 0, 0, 1, 0, 0, 0, 1, 0, 0, 0, 1)
    Torso.CFrame = CFrame.new(1.05809, 0.0759552, -0.651925, 0.962855, 0.269044, -0.0229482, -0.269134, 0.949337, -0.162255, -0.0218682, 0.162404, 0.986482)
    Right Arm.CFrame = CFrame.new(0.00779551, -0.627297, 0.180133, 0.137527, -0.987417, -0.0780626, 0.691018, 0.0391834, 0.721775, -0.709634, -0.153207, 0.687712)
    Left Arm.CFrame = CFrame.new(-0.602408, -0.118435, 0.144642, -0.679026, 0.420165, 0.601984, -0.405094, -0.89832, 0.17006, 0.612227, -0.128385, 0.780189)
    Right Leg.CFrame = CFrame.new(0.543419, -0.209524, 0.141291, 0.508245, 0.712939, -0.48312, -0.825154, 0.563751, -0.0361399, 0.246594, 0.417016, 0.874808)
    Left Leg.CFrame = CFrame.new(-1.03556, 0.529481, -0.251451, 0.878718, -0.441842, -0.180638, 0.475771, 0.84136, 0.256426, 0.0386816, -0.311269, 0.949534)
    Head.CFrame = CFrame.new(1.41561e-07, 1.49012e-08, 5.96046e-07, 0.959522, -0.280854, -0.0209285, 0.280442, 0.945998, 0.162605, -0.0258699, -0.161892, 0.986469)

[38]
    Time: 1.233333
    HumanoidRootPart.CFrame = CFrame.new(0, 0, 0, 1, 0, 0, 0, 1, 0, 0, 0, 1)
    Torso.CFrame = CFrame.new(1.02736, 0.0844125, -0.553462, 0.961008, 0.248237, -0.121824, -0.27238, 0.925748, -0.262299, 0.0476655, 0.285254, 0.957266)
    Right Arm.CFrame = CFrame.new(-0.0252719, -0.601066, 0.110704, 0.129849, -0.991436, -0.0139136, 0.735934, 0.0869629, 0.671445, -0.664485, -0.0974263, 0.740923)
    Left Arm.CFrame = CFrame.new(-0.689847, -0.201163, 0.0827904, -0.846076, 0.295504, 0.443658, -0.257172, -0.955296, 0.145849, 0.466924, 0.00930248, 0.884248)
    Right Leg.CFrame = CFrame.new(0.585148, 0.187987, 0.201902, 0.685529, 0.520096, -0.509461, -0.61932, 0.784466, -0.0325132, 0.382745, 0.337808, 0.859879)
    Left Leg.CFrame = CFrame.new(-0.902071, 0.582923, -0.214348, 0.968452, -0.206559, -0.139405, 0.231332, 0.953191, 0.19471, 0.0926608, -0.220816, 0.970904)
    Head.CFrame = CFrame.new(1.04308e-07, 4.47035e-08, 4.76837e-07, 0.957567, -0.284058, 0.0487479, 0.259181, 0.922689, 0.285429, -0.126057, -0.260683, 0.957159)

[39]
    Time: 1.266667
    HumanoidRootPart.CFrame = CFrame.new(0, 0, 0, 1, 0, 0, 0, 1, 0, 0, 0, 1)
    Torso.CFrame = CFrame.new(0.992432, 0.0914983, -0.435544, 0.956038, 0.214094, -0.20039, -0.273469, 0.897615, -0.34569, 0.105863, 0.385293, 0.916702)
    Right Arm.CFrame = CFrame.new(-0.058661, -0.58547, 0.0686008, 0.160715, -0.985944, 0.0456709, 0.748288, 0.151888, 0.645751, -0.643611, -0.0696068, 0.762181)
    Left Arm.CFrame = CFrame.new(-0.764607, -0.28694, 0.0250657, -0.942512, 0.201776, 0.26638, -0.155384, -0.970334, 0.185223, 0.295851, 0.133183, 0.945904)
    Right Leg.CFrame = CFrame.new(0.396061, 0.587098, 0.136642, 0.817065, 0.206371, -0.538346, -0.271261, 0.96154, -0.0431017, 0.508746, 0.181249, 0.841621)
    Left Leg.CFrame = CFrame.new(-0.740302, 0.532036, -0.163303, 0.994363, 0.0393294, -0.0984683, -0.0263606, 0.991203, 0.129701, 0.102703, -0.126375, 0.986652)
    Head.CFrame = CFrame.new(9.68575e-08, -2.98023e-08, 0, 0.952509, -0.285063, 0.107075, 0.224528, 0.895008, 0.385418, -0.205702, -0.343073, 0.916508)

[40]
    Time: 1.300000
    HumanoidRootPart.CFrame = CFrame.new(0, 0, 0, 1, 0, 0, 0, 1, 0, 0, 0, 1)
    Torso.CFrame = CFrame.new(0.953142, 0.0944697, -0.319707, 0.95642, 0.180081, -0.229851, -0.2608, 0.880847, -0.395084, 0.131316, 0.437811, 0.889425)
    Right Arm.CFrame = CFrame.new(-0.0911691, -0.594872, 0.0689834, 0.233735, -0.966753, 0.103718, 0.716107, 0.243321, 0.654206, -0.657692, -0.0786377, 0.749171)
    Left Arm.CFrame = CFrame.new(-0.825755, -0.363626, -0.0334879, -0.983426, 0.158357, 0.0882937, -0.129223, -0.953776, 0.271319, 0.127178, 0.255412, 0.958431)
    Right Leg.CFrame = CFrame.new(0.14923, 0.744271, 0.0256776, 0.821482, -0.0975631, -0.561827, 0.0724252, 0.995127, -0.0669097, 0.565617, 0.0142746, 0.824545)
    Left Leg.CFrame = CFrame.new(-0.568705, 0.403723, -0.121461, 0.972138, 0.231104, -0.0392384, -0.227015, 0.969897, 0.0881166, 0.0584213, -0.0767538, 0.995337)
    Head.CFrame = CFrame.new(9.68575e-08, -1.49012e-07, 0, 0.953003, -0.272378, 0.132646, 0.190191, 0.878686, 0.437879, -0.235823, -0.392072, 0.889195)

[41]
    Time: 1.333333
    HumanoidRootPart.CFrame = CFrame.new(0, 0, 0, 1, 0, 0, 0, 1, 0, 0, 0, 1)
    Torso.CFrame = CFrame.new(0.909329, 0.0802588, -0.224664, 0.963276, 0.148495, -0.223716, -0.230335, 0.885184, -0.404221, 0.138005, 0.440905, 0.886881)
    Right Arm.CFrame = CFrame.new(-0.125416, -0.641389, 0.130413, 0.351996, -0.920124, 0.171672, 0.611969, 0.365013, 0.701612, -0.708233, -0.141907, 0.69157)
    Left Arm.CFrame = CFrame.new(-0.869929, -0.425748, -0.0988751, -0.981121, 0.17219, -0.0880516, -0.192894, -0.904095, 0.38132, -0.0139474, 0.391105, 0.92024)
    Right Leg.CFrame = CFrame.new(0.00373446, 0.726528, -0.0151224, 0.756923, -0.288995, -0.58613, 0.305164, 0.949418, -0.0740309, 0.577877, -0.12283, 0.806828)
    Left Leg.CFrame = CFrame.new(-0.37982, 0.238882, -0.0998808, 0.936253, 0.349825, 0.032444, -0.351184, 0.934503, 0.0580853, -0.00999937, -0.0657763, 0.997784)
    Head.CFrame = CFrame.new(7.45058e-09, 6.70552e-08, 1.19209e-07, 0.96021, -0.241984, 0.139433, 0.158608, 0.883426, 0.44091, -0.229871, -0.401251, 0.886655)

[42]
    Time: 1.366667
    HumanoidRootPart.CFrame = CFrame.new(0, 0, 0, 1, 0, 0, 0, 1, 0, 0, 0, 1)
    Torso.CFrame = CFrame.new(0.860827, 0.0447319, -0.160947, 0.970561, 0.116992, -0.210532, -0.181517, 0.929833, -0.320096, 0.158311, 0.348888, 0.923696)
    Right Arm.CFrame = CFrame.new(-0.166766, -0.719323, 0.266681, 0.495101, -0.827703, 0.264164, 0.401082, 0.487443, 0.775585, -0.770719, -0.278042, 0.57331)
    Left Arm.CFrame = CFrame.new(-0.894458, -0.479511, -0.170913, -0.937011, 0.226468, -0.265938, -0.332853, -0.809777, 0.483188, -0.105924, 0.54127, 0.83415)
    Right Leg.CFrame = CFrame.new(0.0590704, 0.711482, -0.0370227, 0.759915, -0.247801, -0.600936, 0.380977, 0.918844, 0.102873, 0.526674, -0.307118, 0.792649)
    Left Leg.CFrame = CFrame.new(-0.153072, 0.0761178, -0.106626, 0.938631, 0.329838, 0.100889, -0.333384, 0.942577, 0.0200935, -0.0884679, -0.0524951, 0.994695)
    Head.CFrame = CFrame.new(-7.45058e-09, 2.23517e-08, -2.98023e-07, 0.96805, -0.193242, 0.1598, 0.127754, 0.928441, 0.348821, -0.215772, -0.317261, 0.923465)

[43]
    Time: 1.400000
    HumanoidRootPart.CFrame = CFrame.new(0, 0, 0, 1, 0, 0, 0, 1, 0, 0, 0, 1)
    Torso.CFrame = CFrame.new(0.807475, -0.00145328, -0.13768, 0.977227, 0.0834706, -0.19509, -0.11143, 0.984279, -0.137036, 0.180585, 0.155654, 0.971165)
    Right Arm.CFrame = CFrame.new(-0.201228, -0.779215, 0.448141, 0.587366, -0.728528, 0.352487, 0.13341, 0.516734, 0.845688, -0.79825, -0.449703, 0.400705)
    Left Arm.CFrame = CFrame.new(-0.896855, -0.533324, -0.242827, -0.845696, 0.29848, -0.442389, -0.517982, -0.658587, 0.545855, -0.128425, 0.690777, 0.711572)
    Right Leg.CFrame = CFrame.new(0.317198, 0.650989, -0.0514235, 0.884059, 0.0244908, -0.466733, 0.217159, 0.862761, 0.456602, 0.413861, -0.505018, 0.757414)
    Left Leg.CFrame = CFrame.new(-0.111832, 0.0569144, -0.0992266, 0.979965, 0.0222461, 0.197924, -0.0281609, 0.999236, 0.0271194, -0.197169, -0.0321498, 0.979842)
    Head.CFrame = CFrame.new(-1.49012e-08, 1.49012e-08, -2.38419e-07, 0.97553, -0.123231, 0.182087, 0.0951774, 0.983238, 0.155515, -0.198199, -0.134379, 0.970906)

[44]
    Time: 1.433333
    HumanoidRootPart.CFrame = CFrame.new(0, 0, 0, 1, 0, 0, 0, 1, 0, 0, 0, 1)
    Torso.CFrame = CFrame.new(0.749108, 0.0123357, -0.156075, 0.981905, 0.0375869, -0.185606, -0.0340866, 0.999177, 0.0220148, 0.186281, -0.0152897, 0.982378)
    Right Arm.CFrame = CFrame.new(-0.193959, -0.78547, 0.619512, 0.596466, -0.716024, 0.362681, -0.0683113, 0.404935, 0.91179, -0.799726, -0.568627, 0.192617)
    Left Arm.CFrame = CFrame.new(-0.875069, -0.590659, -0.303625, -0.706476, 0.366613, -0.605381, -0.704103, -0.450645, 0.548779, -0.0716222, 0.81395, 0.576503)
    Right Leg.CFrame = CFrame.new(0.501369, 0.447232, -0.0305882, 0.975833, 0.182455, -0.12025, -0.0550866, 0.737928, 0.672627, 0.21146, -0.649748, 0.730145)
    Left Leg.CFrame = CFrame.new(-0.0614029, 0.0668336, -0.0794057, 0.929475, -0.206584, 0.305612, 0.184459, 0.977748, 0.0999216, -0.319454, -0.0365018, 0.946898)
    Head.CFrame = CFrame.new(-1.68802e-08, -2.32831e-09, -2.38419e-07, 0.981158, -0.0459528, 0.187664, 0.0497371, 0.998642, -0.0155036, -0.186697, 0.0245454, 0.982111)

[45]
    Time: 1.466667
    HumanoidRootPart.CFrame = CFrame.new(0, 0, 0, 1, 0, 0, 0, 1, 0, 0, 0, 1)
    Torso.CFrame = CFrame.new(0.685565, 0.0259611, -0.204705, 0.983202, -0.0162574, -0.181798, 0.0399225, 0.991063, 0.127283, 0.178104, -0.132403, 0.975063)
    Right Arm.CFrame = CFrame.new(-0.152573, -0.742395, 0.744882, 0.564508, -0.777466, 0.277268, -0.19087, 0.203853, 0.960215, -0.803056, -0.594971, -0.0333179)
    Left Arm.CFrame = CFrame.new(-0.829893, -0.647495, -0.342605, -0.530142, 0.416354, -0.738647, -0.846217, -0.204791, 0.491912, 0.0535415, 0.885839, 0.460894)
    Right Leg.CFrame = CFrame.new(0.570653, 0.243909, -0.000315189, 0.930897, 0.247053, 0.269065, -0.365166, 0.64803, 0.668365, -0.00924017, -0.720432, 0.693464)
    Left Leg.CFrame = CFrame.new(-0.0224186, 0.0946856, -0.0556817, 0.855469, -0.345693, 0.385576, 0.288571, 0.936473, 0.19936, -0.429999, -0.0592798, 0.900881)
    Head.CFrame = CFrame.new(-1.76951e-08, 3.25963e-08, 1.19209e-07, 0.983414, 0.0280213, 0.179199, -0.00406477, 0.991151, -0.132679, -0.181331, 0.12975, 0.974825)

[46]
    Time: 1.500000
    HumanoidRootPart.CFrame = CFrame.new(0, 0, 0, 1, 0, 0, 0, 1, 0, 0, 0, 1)
    Torso.CFrame = CFrame.new(0.616681, 0.0392595, -0.273744, 0.981072, -0.0714273, -0.179989, 0.10607, 0.975863, 0.190893, 0.16201, -0.206371, 0.964968)
    Right Arm.CFrame = CFrame.new(-0.109378, -0.686376, 0.810043, 0.513594, -0.838397, 0.182517, -0.267758, 0.0454888, 0.962412, -0.815185, -0.543159, -0.201124)
    Left Arm.CFrame = CFrame.new(-0.767138, -0.695227, -0.354001, -0.335593, 0.445741, -0.829875, -0.916612, 0.0486628, 0.396806, 0.217257, 0.893838, 0.392241)
    Right Leg.CFrame = CFrame.new(0.677453, 0.107973, -0.00867081, 0.807922, 0.376111, 0.453655, -0.587076, 0.580381, 0.564358, -0.051031, -0.722287, 0.689708)
    Left Leg.CFrame = CFrame.new(-0.169828, 0.075366, 0.0706712, 0.746323, -0.511215, 0.426217, 0.422954, 0.858712, 0.28935, -0.513918, -0.0356782, 0.857097)
    Head.CFrame = CFrame.new(1.6205e-07, 8.9407e-08, -5.96046e-08, 0.982169, 0.0941691, 0.162717, -0.0593965, 0.976606, -0.20667, -0.178372, 0.19332, 0.964785)

[47]
    Time: 1.533333
    HumanoidRootPart.CFrame = CFrame.new(0, 0, 0, 1, 0, 0, 0, 1, 0, 0, 0, 1)
    Torso.CFrame = CFrame.new(0.542295, 0.0520674, -0.353381, 0.9766, -0.122647, -0.176665, 0.16148, 0.960723, 0.225687, 0.142047, -0.248934, 0.958047)
    Right Arm.CFrame = CFrame.new(-0.0653013, -0.640638, 0.808191, 0.413376, -0.900904, 0.132256, -0.271984, 0.0164494, 0.962161, -0.868991, -0.433706, -0.238232)
    Left Arm.CFrame = CFrame.new(-0.697238, -0.726437, -0.337682, -0.139836, 0.464365, -0.874535, -0.912542, 0.28238, 0.295852, 0.384334, 0.839421, 0.384266)
    Right Leg.CFrame = CFrame.new(0.776692, 0.0419042, -0.0114389, 0.720972, 0.516659, 0.461804, -0.692923, 0.530261, 0.488549, 0.00753667, -0.672225, 0.740309)
    Left Leg.CFrame = CFrame.new(-0.324041, 0.0779752, 0.193742, 0.667504, -0.613208, 0.422392, 0.511073, 0.789853, 0.339023, -0.541519, -0.0104262, 0.840624)
    Head.CFrame = CFrame.new(2.19792e-07, 7.45058e-08, 0, 0.978447, 0.149607, 0.142338, -0.110852, 0.962085, -0.249206, -0.174224, 0.228056, 0.957933)

[48]
    Time: 1.566667
    HumanoidRootPart.CFrame = CFrame.new(0, 0, 0, 1, 0, 0, 0, 1, 0, 0, 0, 1)
    Torso.CFrame = CFrame.new(0.462242, 0.0642214, -0.4338, 0.971596, -0.165548, -0.169101, 0.203582, 0.949028, 0.240626, 0.120647, -0.268217, 0.955774)
    Right Arm.CFrame = CFrame.new(-0.0231937, -0.604399, 0.750612, 0.259462, -0.954644, 0.146061, -0.204954, 0.0933646, 0.974308, -0.943755, -0.282732, -0.171434)
    Left Arm.CFrame = CFrame.new(-0.632788, -0.738229, -0.295618, 0.0495, 0.48722, -0.871876, -0.848996, 0.480325, 0.220213, 0.526076, 0.729318, 0.437423)
    Right Leg.CFrame = CFrame.new(0.851455, 0.0169691, -0.0205955, 0.654451, 0.597921, 0.4628, -0.75605, 0.510197, 0.409985, 0.00901984, -0.618215, 0.785958)
    Left Leg.CFrame = CFrame.new(-0.572376, 0.109529, 0.328466, 0.568351, -0.722288, 0.394054, 0.623651, 0.690572, 0.366292, -0.536691, 0.0375697, 0.842942)
    Head.CFrame = CFrame.new(1.56462e-07, -8.19564e-08, -1.78814e-07, 0.974012, 0.191744, 0.120563, -0.153972, 0.950916, -0.268425, -0.166114, 0.242886, 0.955726)

[49]
    Time: 1.600000
    HumanoidRootPart.CFrame = CFrame.new(0, 0, 0, 1, 0, 0, 0, 1, 0, 0, 0, 1)
    Torso.CFrame = CFrame.new(0.376359, 0.0755576, -0.50518, 0.968194, -0.196145, -0.155331, 0.229758, 0.942782, 0.241604, 0.0990539, -0.269609, 0.957862)
    Right Arm.CFrame = CFrame.new(0.0067004, -0.573033, 0.646826, 0.0754914, -0.96888, 0.235737, -0.0690216, 0.230767, 0.970558, -0.994755, -0.0895398, -0.0494528)
    Left Arm.CFrame = CFrame.new(-0.582254, -0.731563, -0.229956, 0.234838, 0.524139, -0.818614, -0.746165, 0.63694, 0.193764, 0.622968, 0.565319, 0.540672)
    Right Leg.CFrame = CFrame.new(0.913521, 0.0314279, -0.0458594, 0.618189, 0.633223, 0.465695, -0.785107, 0.526124, 0.326804, -0.0380734, -0.567646, 0.822392)
    Left Leg.CFrame = CFrame.new(-0.777672, 0.18138, 0.394462, 0.497533, -0.790011, 0.358252, 0.70148, 0.609374, 0.36958, -0.510282, 0.0674278, 0.85736)
    Head.CFrame = CFrame.new(1.3411e-07, -5.96046e-08, 1.19209e-07, 0.970958, 0.217941, 0.0987009, -0.184705, 0.945051, -0.269747, -0.152066, 0.243683, 0.957859)

[50]
    Time: 1.633333
    HumanoidRootPart.CFrame = CFrame.new(0, 0, 0, 1, 0, 0, 0, 1, 0, 0, 0, 1)
    Torso.CFrame = CFrame.new(0.284484, 0.085913, -0.557679, 0.968382, -0.21042, -0.134011, 0.237119, 0.943292, 0.232324, 0.0775254, -0.256755, 0.963362)
    Right Arm.CFrame = CFrame.new(0.0134792, -0.547262, 0.520441, -0.0627852, -0.911234, 0.407076, 0.133458, 0.396552, 0.908259, -0.989064, 0.111353, 0.0967139)
    Left Arm.CFrame = CFrame.new(-0.536696, -0.707734, -0.141922, 0.41913, 0.562039, -0.713051, -0.620129, 0.750844, 0.227317, 0.663151, 0.346909, 0.663238)
    Right Leg.CFrame = CFrame.new(0.962347, 0.082634, -0.0875685, 0.615345, 0.626854, 0.477916, -0.777985, 0.580533, 0.240251, -0.126843, -0.519649, 0.844912)
    Left Leg.CFrame = CFrame.new(-0.919154, 0.266915, 0.423135, 0.446702, -0.828884, 0.336763, 0.757536, 0.550678, 0.35056, -0.476021, 0.0985149, 0.873898)
    Head.CFrame = CFrame.new(9.68575e-08, 0, 1.19209e-07, 0.97124, 0.225284, 0.0770707, -0.198988, 0.945743, -0.256853, -0.130754, 0.23413, 0.963372)

[51]
    Time: 1.666667
    HumanoidRootPart.CFrame = CFrame.new(0, 0, 0, 1, 0, 0, 0, 1, 0, 0, 0, 1)
    Torso.CFrame = CFrame.new(0.182, 0.0951238, -0.592165, 0.973212, -0.206459, -0.101156, 0.223548, 0.952547, 0.206592, 0.0537027, -0.223671, 0.973184)
    Right Arm.CFrame = CFrame.new(0.00509776, -0.519076, 0.397884, -0.0895111, -0.796466, 0.598022, 0.350637, 0.536793, 0.767403, -0.932224, 0.278379, 0.231221)
    Left Arm.CFrame = CFrame.new(-0.481311, -0.664076, -0.0342681, 0.593871, 0.578337, -0.559325, -0.488416, 0.811586, 0.32059, 0.639349, 0.0827939, 0.764446)
    Right Leg.CFrame = CFrame.new(1.00134, 0.176739, -0.144831, 0.647149, 0.57352, 0.502268, -0.721189, 0.674139, 0.159445, -0.247154, -0.465415, 0.849885)
    Left Leg.CFrame = CFrame.new(-0.979684, 0.358508, 0.457649, 0.415296, -0.836787, 0.356814, 0.790397, 0.526097, 0.313839, -0.450336, 0.151689, 0.87988)
    Head.CFrame = CFrame.new(9.68575e-08, -1.86265e-09, 2.38419e-07, 0.975892, 0.211646, 0.0532986, -0.194885, 0.954959, -0.22377, -0.0982582, 0.207989, 0.973184)

[52]
    Time: 1.700000
    HumanoidRootPart.CFrame = CFrame.new(0, 0, 0, 1, 0, 0, 0, 1, 0, 0, 0, 1)
    Torso.CFrame = CFrame.new(0.0673847, 0.103027, -0.61494, 0.980729, -0.186703, -0.0575628, 0.193412, 0.969443, 0.150908, 0.0276289, -0.159133, 0.986871)
    Right Arm.CFrame = CFrame.new(0.00946416, -0.487247, 0.300028, -0.0356685, -0.689223, 0.723671, 0.50037, 0.614512, 0.609922, -0.865076, 0.383858, 0.322948)
    Left Arm.CFrame = CFrame.new(-0.403257, -0.597393, 0.0826312, 0.741461, 0.555355, -0.376584, -0.372221, 0.807387, 0.457797, 0.558289, -0.199266, 0.805361)
    Right Leg.CFrame = CFrame.new(1.0261, 0.321107, -0.206334, 0.706877, 0.462221, 0.535422, -0.599262, 0.793482, 0.106161, -0.375778, -0.395901, 0.837886)
    Left Leg.CFrame = CFrame.new(-0.941924, 0.455467, 0.520958, 0.413033, -0.79762, 0.439554, 0.792035, 0.552838, 0.258941, -0.449538, 0.241191, 0.860083)
    Head.CFrame = CFrame.new(7.45058e-08, 1.6531e-08, 0, 0.983027, 0.181413, 0.0273525, -0.174878, 0.971625, -0.159254, -0.0554671, 0.151767, 0.986859)

[53]
    Time: 1.733333
    HumanoidRootPart.CFrame = CFrame.new(0, 0, 0, 1, 0, 0, 0, 1, 0, 0, 0, 1)
    Torso.CFrame = CFrame.new(-0.0548891, 0.109458, -0.623948, 0.988176, -0.152942, -0.0108257, 0.153314, 0.986457, 0.0582827, 0.00176524, -0.0592533, 0.998241)
    Right Arm.CFrame = CFrame.new(0.0522988, -0.470402, 0.244536, 0.0289877, -0.648681, 0.760509, 0.556736, 0.64237, 0.526693, -0.830184, 0.408135, 0.379765)
    Left Arm.CFrame = CFrame.new(-0.297004, -0.509587, 0.193023, 0.846594, 0.493694, -0.198862, -0.288086, 0.739218, 0.608739, 0.447533, -0.458065, 0.768044)
    Right Leg.CFrame = CFrame.new(1.01448, 0.49822, -0.255416, 0.769603, 0.283903, 0.571936, -0.407346, 0.908068, 0.0973738, -0.491712, -0.307915, 0.814498)
    Left Leg.CFrame = CFrame.new(-0.809727, 0.57752, 0.544162, 0.429392, -0.697644, 0.573512, 0.741848, 0.634633, 0.216568, -0.515057, 0.332466, 0.790052)
    Head.CFrame = CFrame.new(9.0804e-08, -1.49012e-08, 4.76837e-07, 0.989977, 0.141221, 0.00166425, -0.140874, 0.988244, -0.0594007, -0.0100333, 0.0585709, 0.998233)

[54]
    Time: 1.766667
    HumanoidRootPart.CFrame = CFrame.new(0, 0, 0, 1, 0, 0, 0, 1, 0, 0, 0, 1)
    Torso.CFrame = CFrame.new(-0.180347, 0.114254, -0.61657, 0.993706, -0.1081, 0.0293719, 0.109877, 0.991634, -0.0677416, -0.0218033, 0.0705425, 0.99727)
    Right Arm.CFrame = CFrame.new(0.128655, -0.465287, 0.220647, 0.0722479, -0.659162, 0.748523, 0.574147, 0.641153, 0.509193, -0.815558, 0.392974, 0.424778)
    Left Arm.CFrame = CFrame.new(-0.165771, -0.409696, 0.284119, 0.907442, 0.415823, -0.0603332, -0.237412, 0.625889, 0.742899, 0.346676, -0.659814, 0.666679)
    Right Leg.CFrame = CFrame.new(0.948448, 0.666829, -0.283066, 0.797904, 0.044404, 0.601146, -0.157617, 0.977955, 0.136968, -0.581812, -0.204038, 0.787314)
    Left Leg.CFrame = CFrame.new(-0.623696, 0.690293, 0.495438, 0.435136, -0.541784, 0.719115, 0.653014, 0.739771, 0.162209, -0.619863, 0.399009, 0.675693)
    Head.CFrame = CFrame.new(8.05594e-08, 3.72529e-09, -1.78814e-07, 0.994978, 0.0977157, -0.0217117, -0.0959751, 0.992892, 0.0703811, 0.0284348, -0.0679438, 0.997284)

[55]
    Time: 1.800000
    HumanoidRootPart.CFrame = CFrame.new(0, 0, 0, 1, 0, 0, 0, 1, 0, 0, 0, 1)
    Torso.CFrame = CFrame.new(-0.304514, 0.117252, -0.589482, 0.996836, -0.059181, 0.0530629, 0.068655, 0.977476, -0.19957, -0.040057, 0.202581, 0.978446)
    Right Arm.CFrame = CFrame.new(0.220421, -0.457092, 0.20148, 0.105924, -0.679343, 0.726135, 0.598723, 0.626608, 0.498892, -0.793921, 0.38191, 0.473111)
    Left Arm.CFrame = CFrame.new(-0.0170598, -0.310286, 0.352078, 0.934695, 0.35492, 0.0193987, -0.205493, 0.495031, 0.844226, 0.29003, -0.79308, 0.535637)
    Right Leg.CFrame = CFrame.new(0.84129, 0.764862, -0.295772, 0.762292, -0.208134, 0.612854, 0.098934, 0.973227, 0.207464, -0.639627, -0.0975163, 0.762475)
    Left Leg.CFrame = CFrame.new(-0.407758, 0.687924, 0.439348, 0.408235, -0.351193, 0.84262, 0.582888, 0.810657, 0.0554724, -0.702557, 0.468507, 0.535645)
    Head.CFrame = CFrame.new(4.14439e-08, 3.72529e-09, 3.57628e-07, 0.997612, 0.0564558, -0.039788, -0.0472813, 0.978155, 0.202427, 0.050347, -0.200062, 0.978489)

[56]
    Time: 1.833333
    HumanoidRootPart.CFrame = CFrame.new(0, 0, 0, 1, 0, 0, 0, 1, 0, 0, 0, 1)
    Torso.CFrame = CFrame.new(-0.422917, 0.118287, -0.538697, 0.99798, -0.0163078, 0.0614037, 0.0336413, 0.955522, -0.292994, -0.0538946, 0.294468, 0.954141)
    Right Arm.CFrame = CFrame.new(0.324449, -0.447908, 0.177837, 0.137909, -0.707117, 0.693518, 0.623923, 0.605835, 0.493645, -0.769222, 0.364623, 0.524736)
    Left Arm.CFrame = CFrame.new(0.139549, -0.222315, 0.400434, 0.940106, 0.338279, 0.0420441, -0.173772, 0.36947, 0.91285, 0.293264, -0.865482, 0.406125)
    Right Leg.CFrame = CFrame.new(0.745214, 0.752413, -0.302313, 0.679071, -0.397523, 0.61712, 0.296583, 0.917586, 0.264715, -0.671492, 0.0032664, 0.741005)
    Left Leg.CFrame = CFrame.new(-0.19687, 0.546388, 0.396077, 0.362273, -0.179578, 0.914609, 0.562458, 0.824581, -0.0608858, -0.743236, 0.536486, 0.399729)
    Head.CFrame = CFrame.new(1.75089e-07, 1.86265e-08, -5.96046e-08, 0.998338, 0.0214287, -0.0534954, -0.00474145, 0.95569, 0.294335, 0.0574323, -0.293593, 0.954204)

[57]
    Time: 1.866667
    HumanoidRootPart.CFrame = CFrame.new(0, 0, 0, 1, 0, 0, 0, 1, 0, 0, 0, 1)
    Torso.CFrame = CFrame.new(-0.531081, 0.117339, -0.460481, 0.997827, 0.0128102, 0.0646282, 0.00883153, 0.946058, -0.323876, -0.065291, 0.323743, 0.94389)
    Right Arm.CFrame = CFrame.new(0.437355, -0.439702, 0.140332, 0.176039, -0.739791, 0.649399, 0.643678, 0.585632, 0.49266, -0.744774, 0.331277, 0.579282)
    Left Arm.CFrame = CFrame.new(0.285847, -0.151761, 0.435007, 0.928081, 0.370408, 0.0382682, -0.141784, 0.256472, 0.956096, 0.34433, -0.89276, 0.290545)
    Right Leg.CFrame = CFrame.new(0.695011, 0.6431, -0.30326, 0.599857, -0.487269, 0.634619, 0.413144, 0.86788, 0.275856, -0.685189, 0.0967149, 0.721916)
    Left Leg.CFrame = CFrame.new(-0.0267665, 0.341958, 0.347439, 0.333163, -0.0885852, 0.938698, 0.561356, 0.818534, -0.121991, -0.75755, 0.567587, 0.322433)
    Head.CFrame = CFrame.new(1.26893e-07, 4.70318e-08, 1.19209e-07, 0.99789, -0.00337966, -0.0648403, 0.0242324, 0.945872, 0.323634, 0.0602368, -0.324522, 0.943958)

[58]
    Time: 1.900000
    HumanoidRootPart.CFrame = CFrame.new(0, 0, 0, 1, 0, 0, 0, 1, 0, 0, 0, 1)
    Torso.CFrame = CFrame.new(-0.624533, 0.114631, -0.355982, 0.997435, 0.0227412, 0.0678762, -0.00156302, 0.954889, -0.296958, -0.0715674, 0.29609, 0.952475)
    Right Arm.CFrame = CFrame.new(0.546312, -0.477217, 0.0863428, 0.229175, -0.773282, 0.591197, 0.651832, 0.57299, 0.496788, -0.722907, 0.271509, 0.635364)
    Left Arm.CFrame = CFrame.new(0.404336, -0.101739, 0.458307, 0.895717, 0.442953, 0.0385276, -0.119013, 0.155364, 0.980662, 0.428401, -0.882981, 0.191879)
    Right Leg.CFrame = CFrame.new(0.670423, 0.435627, -0.208071, 0.688282, -0.455094, 0.564941, 0.477515, 0.870467, 0.119444, -0.54612, 0.187557, 0.816441)
    Left Leg.CFrame = CFrame.new(0.0722587, 0.140924, 0.316212, 0.347817, -0.117616, 0.930156, 0.561599, 0.82056, -0.106243, -0.750753, 0.559328, 0.351457)
    Head.CFrame = CFrame.new(1.29628e-07, -3.25963e-08, -5.96046e-08, 0.997367, -0.013771, -0.0711947, 0.0343087, 0.954574, 0.295991, 0.0638845, -0.297654, 0.952534)

[59]
    Time: 1.933333
    HumanoidRootPart.CFrame = CFrame.new(0, 0, 0, 1, 0, 0, 0, 1, 0, 0, 0, 1)
    Torso.CFrame = CFrame.new(-0.698796, 0.110371, -0.247031, 0.997307, 0.0127625, 0.0722243, 0.00220396, 0.979084, -0.203444, -0.0733101, 0.203055, 0.976419)
    Right Arm.CFrame = CFrame.new(0.601504, -0.552017, 0.0400704, 0.307795, -0.799885, 0.515215, 0.640878, 0.574531, 0.509107, -0.703234, 0.173489, 0.689466)
    Left Arm.CFrame = CFrame.new(0.479405, -0.0730432, 0.470243, 0.837097, 0.542847, 0.0677166, -0.118871, 0.0596706, 0.991115, 0.533983, -0.837709, 0.114479)
    Right Leg.CFrame = CFrame.new(0.564124, 0.153763, -0.069483, 0.934515, -0.27791, 0.222369, 0.322447, 0.925573, -0.198348, -0.150696, 0.257061, 0.954573)
    Left Leg.CFrame = CFrame.new(0.110498, -0.0266995, 0.298597, 0.368151, -0.28484, 0.88506, 0.592358, 0.805572, 0.01286, -0.716643, 0.519538, 0.465299)
    Head.CFrame = CFrame.new(1.51093e-07, -1.06171e-07, -1.78814e-07, 0.997274, -0.0100047, -0.0731115, 0.0246992, 0.978876, 0.202957, 0.0695366, -0.204209, 0.976454)

[60]
    Time: 1.966667
    HumanoidRootPart.CFrame = CFrame.new(0, 0, 0, 1, 0, 0, 0, 1, 0, 0, 0, 1)
    Torso.CFrame = CFrame.new(-0.749398, 0.104767, -0.195096, 0.997108, -0.0144078, 0.0746132, 0.0183149, 0.998482, -0.0519473, -0.0737514, 0.0531636, 0.995859)
    Right Arm.CFrame = CFrame.new(0.555384, -0.599562, 0.0267164, 0.419831, -0.805508, 0.418209, 0.602884, 0.591944, 0.534914, -0.678434, 0.0275584, 0.734145)
    Left Arm.CFrame = CFrame.new(0.497028, -0.063523, 0.469721, 0.742828, 0.653057, 0.147387, -0.156691, -0.0444446, 0.986647, 0.650888, -0.756003, 0.0693133)
    Right Leg.CFrame = CFrame.new(0.406066, -0.0273068, 0.0117915, 0.954741, 0.0363356, -0.295209, -0.126926, 0.947376, -0.293886, 0.268995, 0.318055, 0.909111)
    Left Leg.CFrame = CFrame.new(0.117542, -0.161252, 0.268654, 0.327631, -0.549405, 0.768643, 0.680919, 0.701296, 0.211029, -0.654987, 0.454244, 0.603866)
    Head.CFrame = CFrame.new(5.69853e-08, -3.53903e-08, 1.19209e-07, 0.99726, 0.00610603, -0.0737281, -0.0021907, 0.998588, 0.0530696, 0.073948, -0.0527627, 0.995865)

[61]
    Time: 2.000000
    HumanoidRootPart.CFrame = CFrame.new(0, 0, 0, 1, 0, 0, 0, 1, 0, 0, 0, 1)
    Torso.CFrame = CFrame.new(-0.771862, 0.0980236, -0.265118, 0.995812, -0.0567313, 0.0716983, 0.0501102, 0.99459, 0.0909943, -0.0764726, -0.0870204, 0.993267)
    Right Arm.CFrame = CFrame.new(0.414479, -0.610018, 0.0457494, 0.556252, -0.774141, 0.302141, 0.53912, 0.612858, 0.577715, -0.632403, -0.158464, 0.758258)
    Left Arm.CFrame = CFrame.new(0.446568, -0.0676731, 0.45646, 0.594688, 0.748078, 0.294493, -0.246248, -0.17921, 0.952495, 0.765316, -0.638955, 0.077639)
    Right Leg.CFrame = CFrame.new(0.35117, -0.0728292, 0.114853, 0.716542, 0.352818, -0.601737, -0.513815, 0.850396, -0.113231, 0.471764, 0.390316, 0.790628)
    Left Leg.CFrame = CFrame.new(0.125961, -0.220155, 0.211496, 0.237401, -0.762889, 0.601366, 0.765381, 0.528114, 0.367815, -0.598192, 0.372954, 0.709276)
    Head.CFrame = CFrame.new(3.35276e-08, 3.72529e-09, 0, 0.996346, 0.0379145, -0.0765307, -0.0445613, 0.995202, -0.0871013, 0.0728611, 0.0901933, 0.993256)

[62]
    Time: 2.033333
    HumanoidRootPart.CFrame = CFrame.new(0, 0, 0, 1, 0, 0, 0, 1, 0, 0, 0, 1)
    Torso.CFrame = CFrame.new(-0.775881, 0.0903493, -0.385576, 0.992511, -0.110416, 0.0522436, 0.0990218, 0.977706, 0.185165, -0.0715239, -0.178605, 0.981318)
    Right Arm.CFrame = CFrame.new(0.201113, -0.586915, 0.0864848, 0.697089, -0.694985, 0.176248, 0.457776, 0.620609, 0.63662, -0.551822, -0.363099, 0.750767)
    Left Arm.CFrame = CFrame.new(0.331995, -0.0789841, 0.434613, 0.364255, 0.787049, 0.497868, -0.378969, -0.363067, 0.851214, 0.850706, -0.498736, 0.166018)
    Right Leg.CFrame = CFrame.new(0.375362, -0.0603598, 0.203436, 0.495184, 0.56463, -0.660292, -0.691933, 0.715911, 0.0932782, 0.525378, 0.410688, 0.745194)
    Left Leg.CFrame = CFrame.new(0.129963, -0.205313, 0.159793, 0.171207, -0.864542, 0.472499, 0.809927, 0.396572, 0.432145, -0.560987, 0.308703, 0.768112)
    Head.CFrame = CFrame.new(5.21541e-08, -4.47035e-08, 2.38419e-07, 0.993648, 0.0868647, -0.0715475, -0.0984472, 0.97897, -0.178677, 0.0545222, 0.184585, 0.981303)

[63]
    Time: 2.066667
    HumanoidRootPart.CFrame = CFrame.new(0, 0, 0, 1, 0, 0, 0, 1, 0, 0, 0, 1)
    Torso.CFrame = CFrame.new(-0.77365, 0.0819507, -0.473512, 0.985763, -0.167631, 0.0131171, 0.159963, 0.958983, 0.234018, -0.0518077, -0.228588, 0.972144)
    Right Arm.CFrame = CFrame.new(-0.0566667, -0.535545, 0.134927, 0.818709, -0.57156, 0.0550891, 0.373489, 0.602937, 0.704963, -0.436144, -0.556584, 0.707101)
    Left Arm.CFrame = CFrame.new(0.187461, -0.0997318, 0.415215, 0.0555532, 0.738293, 0.672189, -0.487766, -0.56736, 0.663466, 0.871205, -0.364728, 0.328595)
    Right Leg.CFrame = CFrame.new(0.359646, -0.0013392, 0.255534, 0.36141, 0.667724, -0.65079, -0.734999, 0.63349, 0.241799, 0.573724, 0.390942, 0.719726)
    Left Leg.CFrame = CFrame.new(0.0989629, -0.238691, 0.166242, 0.102244, -0.911851, 0.397585, 0.85527, 0.284685, 0.432975, -0.507995, 0.295774, 0.808986)
    Head.CFrame = CFrame.new(8.9407e-08, 7.45058e-08, -4.17233e-07, 0.98765, 0.147887, -0.0517411, -0.155868, 0.960946, -0.228664, 0.0159038, 0.233905, 0.972129)

[64]
    Time: 2.100000
    HumanoidRootPart.CFrame = CFrame.new(0, 0, 0, 1, 0, 0, 0, 1, 0, 0, 0, 1)
    Torso.CFrame = CFrame.new(-0.764353, 0.0730348, -0.533891, 0.974392, -0.222284, -0.0339224, 0.223645, 0.942398, 0.248733, -0.023321, -0.24995, 0.967978)
    Right Arm.CFrame = CFrame.new(-0.323822, -0.465497, 0.178447, 0.903975, -0.424852, -0.0482761, 0.303637, 0.558331, 0.772056, -0.301056, -0.712578, 0.633718)
    Left Arm.CFrame = CFrame.new(0.0348565, -0.14049, 0.409293, -0.264092, 0.621952, 0.737178, -0.517401, -0.736386, 0.435927, 0.813973, -0.266292, 0.516272)
    Right Leg.CFrame = CFrame.new(0.342032, 0.0700347, 0.300887, 0.328948, 0.714953, -0.616956, -0.740212, 0.600897, 0.301677, 0.586412, 0.357442, 0.726881)
    Left Leg.CFrame = CFrame.new(0.071405, -0.282902, 0.16336, 0.07829, -0.931704, 0.35468, 0.895192, 0.222276, 0.386296, -0.438751, 0.287263, 0.851456)
    Head.CFrame = CFrame.new(6.70552e-08, 1.49012e-08, 4.76837e-07, 0.977059, 0.211709, -0.0231378, -0.21069, 0.945032, -0.250049, -0.0310715, 0.249187, 0.967957)

[65]
    Time: 2.133333
    HumanoidRootPart.CFrame = CFrame.new(0, 0, 0, 1, 0, 0, 0, 1, 0, 0, 0, 1)
    Torso.CFrame = CFrame.new(-0.74703, 0.0638084, -0.575722, 0.959956, -0.269175, -0.077655, 0.28004, 0.929826, 0.238748, 0.00794074, -0.250934, 0.967972)
    Right Arm.CFrame = CFrame.new(-0.561686, -0.3907, 0.21059, 0.949775, -0.284927, -0.129396, 0.261625, 0.496121, 0.827899, -0.171695, -0.820171, 0.545747)
    Left Arm.CFrame = CFrame.new(-0.122091, -0.201452, 0.41488, -0.517545, 0.503577, 0.691778, -0.479087, -0.84041, 0.25335, 0.708959, -0.200302, 0.676207)
    Right Leg.CFrame = CFrame.new(0.349278, 0.12838, 0.348258, 0.352175, 0.733937, -0.580784, -0.743874, 0.596089, 0.302208, 0.568, 0.325599, 0.755884)
    Left Leg.CFrame = CFrame.new(0.0452942, -0.328425, 0.153845, 0.0824467, -0.938002, 0.336681, 0.928181, 0.195284, 0.316772, -0.362882, 0.286384, 0.886736)
    Head.CFrame = CFrame.new(4.09782e-08, -2.98023e-08, 0, 0.963306, 0.26828, 0.00823797, -0.257703, 0.933035, -0.251067, -0.0750426, 0.239731, 0.967935)

[66]
    Time: 2.166667
    HumanoidRootPart.CFrame = CFrame.new(0, 0, 0, 1, 0, 0, 0, 1, 0, 0, 0, 1)
    Torso.CFrame = CFrame.new(-0.720563, 0.0544786, -0.604434, 0.946857, -0.303035, -0.10785, 0.319712, 0.923453, 0.212176, 0.0352974, -0.235382, 0.971262)
    Right Arm.CFrame = CFrame.new(-0.732832, -0.326761, 0.231534, 0.964654, -0.178747, -0.193631, 0.253589, 0.429833, 0.866566, -0.0716666, -0.885038, 0.459969)
    Left Arm.CFrame = CFrame.new(-0.277148, -0.267824, 0.417017, -0.67673, 0.442448, 0.588452, -0.426249, -0.887152, 0.176842, 0.60029, -0.131153, 0.788956)
    Right Leg.CFrame = CFrame.new(0.374399, 0.180721, 0.389613, 0.372085, 0.737986, -0.562965, -0.737174, 0.603505, 0.303902, 0.564027, 0.301926, 0.768579)
    Left Leg.CFrame = CFrame.new(0.0226691, -0.362765, 0.140329, 0.105881, -0.935141, 0.338085, 0.949554, 0.196015, 0.244797, -0.295189, 0.29511, 0.908721)
    Head.CFrame = CFrame.new(6.70552e-08, -8.9407e-08, 2.38419e-07, 0.950681, 0.308112, 0.0356803, -0.291622, 0.927078, -0.235548, -0.105653, 0.213525, 0.971208)

[67]
    Time: 2.200000
    HumanoidRootPart.CFrame = CFrame.new(0, 0, 0, 1, 0, 0, 0, 1, 0, 0, 0, 1)
    Torso.CFrame = CFrame.new(-0.683667, 0.0452522, -0.623335, 0.941066, -0.317879, -0.115533, 0.334355, 0.925859, 0.176044, 0.0510061, -0.204298, 0.977579)
    Right Arm.CFrame = CFrame.new(-0.803164, -0.288058, 0.244565, 0.95967, -0.124945, -0.251839, 0.280585, 0.369925, 0.885679, -0.0174997, -0.920622, 0.390064)
    Left Arm.CFrame = CFrame.new(-0.410654, -0.32645, 0.398783, -0.753271, 0.464284, 0.465859, -0.405858, -0.88549, 0.226244, 0.517555, -0.0186491, 0.855447)
    Right Leg.CFrame = CFrame.new(0.400947, 0.2357, 0.414767, 0.387018, 0.729079, -0.5645, -0.715606, 0.623569, 0.314754, 0.581486, 0.282144, 0.763066)
    Left Leg.CFrame = CFrame.new(0.00664432, -0.376927, 0.129105, 0.141291, -0.923382, 0.356934, 0.957495, 0.219053, 0.187666, -0.251475, 0.315248, 0.915084)
    Head.CFrame = CFrame.new(5.96046e-08, 4.47035e-08, -2.38419e-07, 0.94506, 0.322826, 0.0514238, -0.306442, 0.929668, -0.204476, -0.113817, 0.177484, 0.97752)

[68]
    Time: 2.233333
    HumanoidRootPart.CFrame = CFrame.new(0, 0, 0, 1, 0, 0, 0, 1, 0, 0, 0, 1)
    Torso.CFrame = CFrame.new(-0.634923, 0.0363363, -0.630207, 0.94292, -0.316486, -0.103624, 0.328554, 0.934876, 0.13438, 0.0543456, -0.160756, 0.985497)
    Right Arm.CFrame = CFrame.new(-0.791579, -0.290863, 0.257702, 0.940252, -0.132243, -0.313749, 0.340064, 0.319196, 0.884574, -0.0168315, -0.938417, 0.345095)
    Left Arm.CFrame = CFrame.new(-0.492286, -0.380894, 0.357624, -0.769457, 0.549735, 0.325158, -0.433836, -0.823481, 0.365603, 0.468746, 0.140251, 0.872128)
    Right Leg.CFrame = CFrame.new(0.424188, 0.290196, 0.422579, 0.429341, 0.703037, -0.566926, -0.683367, 0.663301, 0.305025, 0.590487, 0.256459, 0.765215)
    Left Leg.CFrame = CFrame.new(0.00176422, -0.368376, 0.118943, 0.191448, -0.90105, 0.389174, 0.953578, 0.264664, 0.143677, -0.23246, 0.343601, 0.90989)
    Head.CFrame = CFrame.new(5.96046e-08, 4.47035e-08, 7.15256e-07, 0.946843, 0.317002, 0.0547557, -0.30496, 0.938671, -0.160924, -0.102411, 0.135672, 0.985447)

[69]
    Time: 2.266667
    HumanoidRootPart.CFrame = CFrame.new(0, 0, 0, 1, 0, 0, 0, 1, 0, 0, 0, 1)
    Torso.CFrame = CFrame.new(-0.572897, 0.0279377, -0.619399, 0.948632, -0.305383, -0.0826978, 0.312244, 0.945812, 0.0891209, 0.0510006, -0.110365, 0.992582)
    Right Arm.CFrame = CFrame.new(-0.743663, -0.332968, 0.276037, 0.905045, -0.191045, -0.379994, 0.420726, 0.271243, 0.865689, -0.0623148, -0.943361, 0.325865)
    Left Arm.CFrame = CFrame.new(-0.515561, -0.442248, 0.303332, -0.730504, 0.665426, 0.153533, -0.501938, -0.675619, 0.539998, 0.463058, 0.317407, 0.827545)
    Right Leg.CFrame = CFrame.new(0.44271, 0.342052, 0.409381, 0.494777, 0.663758, -0.560911, -0.635632, 0.716559, 0.287256, 0.592594, 0.214405, 0.776443)
    Left Leg.CFrame = CFrame.new(-0.0449675, -0.383496, 0.135817, 0.243492, -0.868747, 0.431265, 0.944274, 0.313876, 0.099141, -0.221492, 0.383092, 0.896762)
    Head.CFrame = CFrame.new(3.72529e-09, 0, 0, 0.952358, 0.300622, 0.0513853, -0.293749, 0.949473, -0.110513, -0.0820116, 0.0901536, 0.992545)

[70]
    Time: 2.300000
    HumanoidRootPart.CFrame = CFrame.new(0, 0, 0, 1, 0, 0, 0, 1, 0, 0, 0, 1)
    Torso.CFrame = CFrame.new(-0.496426, 0.0202635, -0.58837, 0.957395, -0.283253, -0.0562317, 0.285752, 0.957348, 0.0427954, 0.0417114, -0.0570404, 0.9975)
    Right Arm.CFrame = CFrame.new(-0.667315, -0.398832, 0.295951, 0.84803, -0.287624, -0.445105, 0.510398, 0.217251, 0.832043, -0.142616, -0.932778, 0.331038)
    Left Arm.CFrame = CFrame.new(-0.478508, -0.511918, 0.255546, -0.635381, 0.770853, -0.0455806, -0.583488, -0.440605, 0.682209, 0.5058, 0.460058, 0.729735)
    Right Leg.CFrame = CFrame.new(0.467703, 0.379305, 0.368653, 0.586204, 0.614041, -0.528507, -0.573156, 0.77537, 0.265129, 0.572588, 0.147497, 0.806466)
    Left Leg.CFrame = CFrame.new(-0.200309, -0.438471, 0.223279, 0.24541, -0.842738, 0.479132, 0.949382, 0.308899, 0.0570472, -0.196079, 0.440879, 0.875887)
    Head.CFrame = CFrame.new(1.02445e-07, 5.58794e-09, -5.96046e-08, 0.960803, 0.274024, 0.0420554, -0.271503, 0.960739, -0.0571606, -0.0560676, 0.0435019, 0.997479)

[71]
    Time: 2.333333
    HumanoidRootPart.CFrame = CFrame.new(0, 0, 0, 1, 0, 0, 0, 1, 0, 0, 0, 1)
    Torso.CFrame = CFrame.new(-0.40519, 0.0135205, -0.535943, 0.96806, -0.249182, -0.027727, 0.249223, 0.968444, -0.00202634, 0.027357, -0.00494858, 0.999613)
    Right Arm.CFrame = CFrame.new(-0.571032, -0.473742, 0.312657, 0.76388, -0.40675, -0.501041, 0.596992, 0.150472, 0.78801, -0.24513, -0.901062, 0.357769)
    Left Arm.CFrame = CFrame.new(-0.384082, -0.570587, 0.232429, -0.491238, 0.837822, -0.238202, -0.648181, -0.168944, 0.742509, 0.581847, 0.519146, 0.626052)
    Right Leg.CFrame = CFrame.new(0.505882, 0.393585, 0.292886, 0.700676, 0.55299, -0.450839, -0.496569, 0.831697, 0.248395, 0.512321, 0.049828, 0.857347)
    Left Leg.CFrame = CFrame.new(-0.396904, -0.40097, 0.357884, 0.252609, -0.810351, 0.528697, 0.950897, 0.308915, 0.019151, -0.178842, 0.497899, 0.848594)
    Head.CFrame = CFrame.new(8.96398e-08, -1.02445e-08, 1.19209e-07, 0.971027, 0.237365, 0.0276472, -0.237317, 0.971419, -0.00503632, -0.0280525, -0.00167076, 0.999605)

[72]
    Time: 2.366667
    HumanoidRootPart.CFrame = CFrame.new(0, 0, 0, 1, 0, 0, 0, 1, 0, 0, 0, 1)
    Torso.CFrame = CFrame.new(-0.300656, 0.00791571, -0.464113, 0.979228, -0.202759, -0.000497993, 0.202554, 0.978341, -0.0426724, 0.00913942, 0.0416851, 0.999089)
    Right Arm.CFrame = CFrame.new(-0.463978, -0.544805, 0.322018, 0.652474, -0.531528, -0.540144, 0.668793, 0.0687071, 0.740267, -0.35636, -0.84425, 0.400312)
    Left Arm.CFrame = CFrame.new(-0.249118, -0.58873, 0.236835, -0.312894, 0.872846, -0.374482, -0.688273, 0.0633274, 0.722683, 0.654506, 0.483869, 0.580941)
    Right Leg.CFrame = CFrame.new(0.568267, 0.376483, 0.163696, 0.830894, 0.475887, -0.288351, -0.414671, 0.875128, 0.249398, 0.371029, -0.0876524, 0.924475)
    Left Leg.CFrame = CFrame.new(-0.499971, -0.156264, 0.471318, 0.390781, -0.717988, 0.576006, 0.880837, 0.47336, -0.00754735, -0.267239, 0.510317, 0.817411)
    Head.CFrame = CFrame.new(1.04774e-07, 1.49012e-08, -5.96046e-08, 0.981631, 0.190562, 0.00936505, -0.190788, 0.980748, 0.0416299, -0.0012517, -0.0426519, 0.999089)

[73]
    Time: 2.400000
    HumanoidRootPart.CFrame = CFrame.new(0, 0, 0, 1, 0, 0, 0, 1, 0, 0, 0, 1)
    Torso.CFrame = CFrame.new(-0.187112, 0.00365609, -0.37937, 0.989314, -0.144042, 0.0225591, 0.145363, 0.986431, -0.0763164, -0.0112602, 0.0787801, 0.996828)
    Right Arm.CFrame = CFrame.new(-0.35497, -0.601316, 0.32175, 0.520821, -0.64593, -0.55814, 0.716438, -0.0247776, 0.69721, -0.464179, -0.762995, 0.449864)
    Left Arm.CFrame = CFrame.new(-0.0956956, -0.557858, 0.257305, -0.124344, 0.89555, -0.427233, -0.687376, 0.232774, 0.68799, 0.715579, 0.379217, 0.586636)
    Right Leg.CFrame = CFrame.new(0.605824, 0.33341, -0.00117743, 0.930744, 0.360706, -0.0600547, -0.331553, 0.901715, 0.277456, 0.154232, -0.238329, 0.95886)
    Left Leg.CFrame = CFrame.new(-0.458228, 0.169169, 0.498545, 0.559793, -0.553301, 0.616838, 0.702477, 0.711706, 0.000885224, -0.439497, 0.432819, 0.78709)
    Head.CFrame = CFrame.new(7.26432e-08, 3.72529e-09, 0, 0.99102, 0.133251, -0.011107, -0.131978, 0.988119, 0.0787531, 0.0214689, -0.0765801, 0.996832)

[74]
    Time: 2.433333
    HumanoidRootPart.CFrame = CFrame.new(0, 0, 0, 1, 0, 0, 0, 1, 0, 0, 0, 1)
    Torso.CFrame = CFrame.new(-0.0718548, 0.000948519, -0.29141, 0.996532, -0.0734108, 0.0391794, 0.0770055, 0.992014, -0.0998965, -0.031533, 0.102567, 0.994226)
    Right Arm.CFrame = CFrame.new(-0.250994, -0.634275, 0.3116, 0.381661, -0.738506, -0.555826, 0.734742, -0.122446, 0.667204, -0.560793, -0.663035, 0.495879)
    Left Arm.CFrame = CFrame.new(0.0673606, -0.497419, 0.280857, 0.0676186, 0.892416, -0.446118, -0.627073, 0.3858, 0.676711, 0.77602, 0.23399, 0.585697)
    Right Leg.CFrame = CFrame.new(0.562827, 0.2763, -0.130626, 0.967577, 0.201801, 0.151891, -0.241603, 0.914808, 0.323657, -0.0736369, -0.34986, 0.933903)
    Left Leg.CFrame = CFrame.new(-0.340615, 0.408215, 0.43271, 0.653821, -0.378504, 0.655174, 0.461286, 0.885762, 0.0513845, -0.599778, 0.268627, 0.753728)
    Head.CFrame = CFrame.new(6.51926e-08, 2.86382e-08, 3.57628e-07, 0.997402, 0.0648096, -0.0314564, -0.0612785, 0.992838, 0.10256, 0.037878, -0.100365, 0.994229)

[75]
    Time: 2.466667
    HumanoidRootPart.CFrame = CFrame.new(0, 0, 0, 1, 0, 0, 0, 1, 0, 0, 0, 1)
    Torso.CFrame = CFrame.new(0.0364607, 0, -0.209401, 0.998814, 0.00861554, 0.0479137, -0.00329725, 0.993928, -0.109987, -0.0485703, 0.109699, 0.992778)
    Right Arm.CFrame = CFrame.new(-0.15627, -0.635327, 0.292588, 0.249879, -0.804725, -0.538497, 0.722662, -0.215154, 0.656862, -0.644453, -0.553288, 0.527782)
    Left Arm.CFrame = CFrame.new(0.241885, -0.425312, 0.303157, 0.282376, 0.823282, -0.492413, -0.492206, 0.564926, 0.662263, 0.823406, 0.0553618, 0.564745)
    Right Leg.CFrame = CFrame.new(0.416032, 0.217664, -0.158766, 0.95949, 0.00989063, 0.28157, -0.118919, 0.920217, 0.372907, -0.255417, -0.391285, 0.884115)
    Left Leg.CFrame = CFrame.new(-0.209405, 0.497119, 0.316219, 0.675755, -0.249886, 0.693478, 0.217488, 0.966495, 0.136335, -0.704311, 0.0586943, 0.707461)
    Head.CFrame = CFrame.new(1.01776e-07, -2.14786e-08, -1.78814e-07, 0.998699, -0.015515, -0.0485703, 0.0207731, 0.993748, 0.109699, 0.0465647, -0.110565, 0.992778)
