[1]
    Time: 0.000000
    HumanoidRootPart.CFrame = CFrame.new(0, 0, 0, 1, 0, 0, 0, 1, 0, 0, 0, 1)
    Torso.CFrame = CFrame.new(0.0109421, -0.216555, -0.15419, 0.998066, -0.0337122, -0.0522218, 0.0118262, 0.927789, -0.372918, 0.0610227, 0.37158, 0.926394)
    Left Leg.CFrame = CFrame.new(-0.0504556, -0.366508, -0.0705485, 0.663081, -0.0825311, 0.743984, 0.553358, 0.723378, -0.412939, -0.504102, 0.685502, 0.525327)
    Right Arm.CFrame = CFrame.new(-0.0214143, -0.0218926, 0.498898, 0.96746, 0.148834, -0.204623, 0.208506, -0.0108036, 0.977961, 0.143343, -0.988803, -0.0414848)
    Left Arm.CFrame = CFrame.new(0.029295, -0.0301161, 0.489468, 0.968258, -0.146889, 0.202235, -0.202394, 0.0140265, 0.979204, -0.146671, -0.989054, -0.0161481)
    Head.CFrame = CFrame.new(0.00563258, -0.00377037, 0.0021832, 0.986686, -0.0106084, -0.162292, 0.0471233, 0.973714, 0.222847, 0.155662, -0.227528, 0.961249)
    Right Leg.CFrame = CFrame.new(0.0575883, -0.2258, 0.0806857, 0.688745, -0.404485, -0.601683, -0.161386, 0.723545, -0.671146, 0.706813, 0.559352, 0.43306)

[2]
    Time: 0.033333
    HumanoidRootPart.CFrame = CFrame.new(0, 0, 0, 1, 0, 0, 0, 1, 0, 0, 0, 1)
    Torso.CFrame = CFrame.new(0.0109421, -0.216555, -0.15419, 0.998066, -0.0337122, -0.0522218, 0.0118262, 0.927789, -0.372918, 0.0610227, 0.37158, 0.926394)
    Left Leg.CFrame = CFrame.new(-0.0504556, -0.366508, -0.0705485, 0.663081, -0.0825311, 0.743984, 0.553358, 0.723378, -0.412939, -0.504102, 0.685502, 0.525327)
    Right Arm.CFrame = CFrame.new(-0.0214143, -0.0218926, 0.498898, 0.96746, 0.148834, -0.204623, 0.208506, -0.0108036, 0.977961, 0.143343, -0.988803, -0.0414848)
    Left Arm.CFrame = CFrame.new(0.029295, -0.0301161, 0.489468, 0.968258, -0.146889, 0.202235, -0.202394, 0.0140265, 0.979204, -0.146671, -0.989054, -0.0161481)
    Head.CFrame = CFrame.new(0.00563258, -0.00377037, 0.0021832, 0.986686, -0.0106084, -0.162292, 0.0471233, 0.973714, 0.222847, 0.155662, -0.227528, 0.961249)
    Right Leg.CFrame = CFrame.new(0.0575883, -0.2258, 0.0806857, 0.688745, -0.404485, -0.601683, -0.161386, 0.723545, -0.671146, 0.706813, 0.559352, 0.43306)

[3]
    Time: 0.066667
    HumanoidRootPart.CFrame = CFrame.new(0, 0, 0, 1, 0, 0, 0, 1, 0, 0, 0, 1)
    Torso.CFrame = CFrame.new(0.0119944, -0.216555, -0.136615, 0.998066, -0.0337122, -0.0522218, 0.0118262, 0.927789, -0.372918, 0.0610227, 0.37158, 0.926394)
    Left Leg.CFrame = CFrame.new(-0.0657245, -0.371084, -0.0531602, 0.663692, -0.08363, 0.743316, 0.554383, 0.722128, -0.413751, -0.502168, 0.686685, 0.525634)
    Right Arm.CFrame = CFrame.new(-0.0199271, -0.00937715, 0.508585, 0.961271, 0.189784, -0.199849, 0.208155, -0.0246785, 0.977785, 0.180636, -0.981516, -0.0632272)
    Left Arm.CFrame = CFrame.new(0.0278223, -0.0177842, 0.498734, 0.962142, -0.187851, 0.197473, -0.201058, -2.78577e-05, 0.979579, -0.18401, -0.982197, -0.0377956)
    Head.CFrame = CFrame.new(0.00563255, -0.00377038, 0.00218332, 0.986686, -0.0106084, -0.162292, 0.0471233, 0.973714, 0.222847, 0.155662, -0.227528, 0.961249)
    Right Leg.CFrame = CFrame.new(0.0673721, -0.219044, 0.0980502, 0.690697, -0.407895, -0.597125, -0.152293, 0.725168, -0.671519, 0.706926, 0.554755, 0.438752)

[4]
    Time: 0.100000
    HumanoidRootPart.CFrame = CFrame.new(0, 0, 0, 1, 0, 0, 0, 1, 0, 0, 0, 1)
    Torso.CFrame = CFrame.new(0.0119944, -0.216555, -0.136615, 0.998066, -0.0337122, -0.0522218, 0.0118262, 0.927789, -0.372918, 0.0610227, 0.37158, 0.926394)
    Left Leg.CFrame = CFrame.new(-0.0657245, -0.371084, -0.0531602, 0.663692, -0.08363, 0.743316, 0.554383, 0.722128, -0.413751, -0.502168, 0.686685, 0.525634)
    Right Arm.CFrame = CFrame.new(-0.0199271, -0.00937715, 0.508585, 0.961271, 0.189784, -0.199849, 0.208155, -0.0246785, 0.977785, 0.180636, -0.981516, -0.0632272)
    Left Arm.CFrame = CFrame.new(0.0278223, -0.0177842, 0.498734, 0.962142, -0.187851, 0.197473, -0.201058, -2.78577e-05, 0.979579, -0.18401, -0.982197, -0.0377956)
    Head.CFrame = CFrame.new(0.00563255, -0.00377038, 0.00218332, 0.986686, -0.0106084, -0.162292, 0.0471233, 0.973714, 0.222847, 0.155662, -0.227528, 0.961249)
    Right Leg.CFrame = CFrame.new(0.0673721, -0.219044, 0.0980502, 0.690697, -0.407895, -0.597125, -0.152293, 0.725168, -0.671519, 0.706926, 0.554755, 0.438752)

[5]
    Time: 0.133333
    HumanoidRootPart.CFrame = CFrame.new(0, 0, 0, 1, 0, 0, 0, 1, 0, 0, 0, 1)
    Torso.CFrame = CFrame.new(0.012692, -0.216555, -0.124963, 0.998066, -0.0337122, -0.0522218, 0.0118262, 0.927789, -0.372918, 0.0610227, 0.37158, 0.926394)
    Left Leg.CFrame = CFrame.new(-0.0827063, -0.376851, -0.0342164, 0.663842, -0.0873363, 0.742755, 0.558301, 0.718684, -0.414479, -0.497607, 0.68983, 0.525853)
    Right Arm.CFrame = CFrame.new(-0.0196062, -0.000856817, 0.514843, 0.956692, 0.214395, -0.196914, 0.208957, -0.0348072, 0.977305, 0.202675, -0.976127, -0.078099)
    Left Arm.CFrame = CFrame.new(0.0275074, -0.00938898, 0.504705, 0.957605, -0.212471, 0.194547, -0.201274, -0.0102918, 0.979481, -0.206109, -0.977113, -0.0526205)
    Head.CFrame = CFrame.new(0.00563257, -0.00377035, 0.00218308, 0.986686, -0.0106084, -0.162292, 0.0471233, 0.973714, 0.222847, 0.155662, -0.227528, 0.961249)
    Right Leg.CFrame = CFrame.new(0.0737683, -0.213719, 0.109882, 0.691812, -0.410887, -0.593775, -0.145043, 0.726479, -0.671708, 0.707361, 0.550818, 0.44299)

[6]
    Time: 0.166667
    HumanoidRootPart.CFrame = CFrame.new(0, 0, 0, 1, 0, 0, 0, 1, 0, 0, 0, 1)
    Torso.CFrame = CFrame.new(0.012692, -0.216555, -0.124963, 0.998066, -0.0337122, -0.0522218, 0.0118262, 0.927789, -0.372918, 0.0610227, 0.37158, 0.926394)
    Left Leg.CFrame = CFrame.new(-0.0827063, -0.376851, -0.0342164, 0.663842, -0.0873363, 0.742755, 0.558301, 0.718684, -0.414479, -0.497607, 0.68983, 0.525853)
    Right Arm.CFrame = CFrame.new(-0.0196062, -0.000856817, 0.514843, 0.956692, 0.214395, -0.196914, 0.208957, -0.0348072, 0.977305, 0.202675, -0.976127, -0.078099)
    Left Arm.CFrame = CFrame.new(0.0275074, -0.00938898, 0.504705, 0.957605, -0.212471, 0.194547, -0.201274, -0.0102918, 0.979481, -0.206109, -0.977113, -0.0526205)
    Head.CFrame = CFrame.new(0.00563257, -0.00377035, 0.00218308, 0.986686, -0.0106084, -0.162292, 0.0471233, 0.973714, 0.222847, 0.155662, -0.227528, 0.961249)
    Right Leg.CFrame = CFrame.new(0.0737683, -0.213719, 0.109882, 0.691812, -0.410887, -0.593775, -0.145043, 0.726479, -0.671708, 0.707361, 0.550818, 0.44299)

[7]
    Time: 0.200000
    HumanoidRootPart.CFrame = CFrame.new(0, 0, 0, 1, 0, 0, 0, 1, 0, 0, 0, 1)
    Torso.CFrame = CFrame.new(0.0134047, -0.216555, -0.11306, 0.998066, -0.0337122, -0.0522218, 0.0118262, 0.927789, -0.372918, 0.0610227, 0.37158, 0.926394)
    Left Leg.CFrame = CFrame.new(-0.15427, -0.403529, 0.0443087, 0.661412, -0.114578, 0.741219, 0.587378, 0.693668, -0.416908, -0.466391, 0.711124, 0.526101)
    Right Arm.CFrame = CFrame.new(-0.0220098, 0.0155999, 0.525398, 0.949547, 0.247365, -0.192799, 0.21325, -0.0584743, 0.975246, 0.229968, -0.967156, -0.108275)
    Left Arm.CFrame = CFrame.new(0.0299118, 0.00684398, 0.514683, 0.950517, -0.245456, 0.190446, -0.204821, -0.034188, 0.978202, -0.233594, -0.968805, -0.0827707)
    Head.CFrame = CFrame.new(0.00563255, -0.00377042, 0.00218308, 0.986686, -0.0106084, -0.162292, 0.0471233, 0.973714, 0.222847, 0.155662, -0.227528, 0.961249)
    Right Leg.CFrame = CFrame.new(0.0757562, -0.208579, 0.115498, 0.691031, -0.416338, -0.59088, -0.135094, 0.728665, -0.671414, 0.710089, 0.543792, 0.447285)

[8]
    Time: 0.233333
    HumanoidRootPart.CFrame = CFrame.new(0, 0, 0, 1, 0, 0, 0, 1, 0, 0, 0, 1)
    Torso.CFrame = CFrame.new(0.0134047, -0.216555, -0.11306, 0.998066, -0.0337122, -0.0522218, 0.0118262, 0.927789, -0.372918, 0.0610227, 0.37158, 0.926394)
    Left Leg.CFrame = CFrame.new(-0.15427, -0.403529, 0.0443087, 0.661412, -0.114578, 0.741219, 0.587378, 0.693668, -0.416908, -0.466391, 0.711124, 0.526101)
    Right Arm.CFrame = CFrame.new(-0.0220098, 0.0155999, 0.525398, 0.949547, 0.247365, -0.192799, 0.21325, -0.0584743, 0.975246, 0.229968, -0.967156, -0.108275)
    Left Arm.CFrame = CFrame.new(0.0299118, 0.00684398, 0.514683, 0.950517, -0.245456, 0.190446, -0.204821, -0.034188, 0.978202, -0.233594, -0.968805, -0.0827707)
    Head.CFrame = CFrame.new(0.00563255, -0.00377042, 0.00218308, 0.986686, -0.0106084, -0.162292, 0.0471233, 0.973714, 0.222847, 0.155662, -0.227528, 0.961249)
    Right Leg.CFrame = CFrame.new(0.0757562, -0.208579, 0.115498, 0.691031, -0.416338, -0.59088, -0.135094, 0.728665, -0.671414, 0.710089, 0.543792, 0.447285)

[9]
    Time: 0.266667
    HumanoidRootPart.CFrame = CFrame.new(0, 0, 0, 1, 0, 0, 0, 1, 0, 0, 0, 1)
    Torso.CFrame = CFrame.new(0.0139532, -0.216555, -0.103899, 0.998066, -0.0337122, -0.0522218, 0.0118262, 0.927789, -0.372918, 0.0610227, 0.37158, 0.926394)
    Left Leg.CFrame = CFrame.new(-0.166279, -0.404606, 0.0595726, 0.662023, -0.115074, 0.740597, 0.587647, 0.693012, -0.417619, -0.465185, 0.711683, 0.526413)
    Right Arm.CFrame = CFrame.new(-0.0230174, 0.0431415, 0.541294, 0.939034, 0.287166, -0.189078, 0.225148, -0.0979629, 0.969387, 0.259852, -0.952858, -0.156645)
    Left Arm.CFrame = CFrame.new(0.0309573, 0.0339753, 0.529693, 0.940076, -0.285277, 0.186747, -0.21588, -0.0740521, 0.973608, -0.263919, -0.95558, -0.1312)
    Head.CFrame = CFrame.new(0.00563259, -0.00377043, 0.00218332, 0.986686, -0.0106084, -0.162292, 0.0471233, 0.973714, 0.222847, 0.155662, -0.227528, 0.961249)
    Right Leg.CFrame = CFrame.new(0.072665, -0.205556, 0.112916, 0.688512, -0.42256, -0.589402, -0.12553, 0.731009, -0.670722, 0.714278, 0.535788, 0.450265)

[10]
    Time: 0.300000
    HumanoidRootPart.CFrame = CFrame.new(0, 0, 0, 1, 0, 0, 0, 1, 0, 0, 0, 1)
    Torso.CFrame = CFrame.new(0.0139532, -0.216555, -0.103899, 0.998066, -0.0337122, -0.0522218, 0.0118262, 0.927789, -0.372918, 0.0610227, 0.37158, 0.926394)
    Left Leg.CFrame = CFrame.new(-0.166279, -0.404606, 0.0595726, 0.662023, -0.115074, 0.740597, 0.587647, 0.693012, -0.417619, -0.465185, 0.711683, 0.526413)
    Right Arm.CFrame = CFrame.new(-0.0230174, 0.0431415, 0.541294, 0.939034, 0.287166, -0.189078, 0.225148, -0.0979629, 0.969387, 0.259852, -0.952858, -0.156645)
    Left Arm.CFrame = CFrame.new(0.0309573, 0.0339753, 0.529693, 0.940076, -0.285277, 0.186747, -0.21588, -0.0740521, 0.973608, -0.263919, -0.95558, -0.1312)
    Head.CFrame = CFrame.new(0.00563259, -0.00377043, 0.00218332, 0.986686, -0.0106084, -0.162292, 0.0471233, 0.973714, 0.222847, 0.155662, -0.227528, 0.961249)
    Right Leg.CFrame = CFrame.new(0.072665, -0.205556, 0.112916, 0.688512, -0.42256, -0.589402, -0.12553, 0.731009, -0.670722, 0.714278, 0.535788, 0.450265)

[11]
    Time: 0.333333
    HumanoidRootPart.CFrame = CFrame.new(0, 0, 0, 1, 0, 0, 0, 1, 0, 0, 0, 1)
    Torso.CFrame = CFrame.new(0.0139532, -0.216555, -0.103899, 0.998066, -0.0337122, -0.0522218, 0.0118262, 0.927789, -0.372918, 0.0610227, 0.37158, 0.926394)
    Left Leg.CFrame = CFrame.new(-0.166279, -0.404606, 0.0595726, 0.662023, -0.115074, 0.740597, 0.587647, 0.693012, -0.417619, -0.465185, 0.711683, 0.526413)
    Right Arm.CFrame = CFrame.new(-0.0230174, 0.0431415, 0.541294, 0.939034, 0.287166, -0.189078, 0.225148, -0.0979629, 0.969387, 0.259852, -0.952858, -0.156645)
    Left Arm.CFrame = CFrame.new(0.0309573, 0.0339753, 0.529693, 0.940076, -0.285277, 0.186747, -0.21588, -0.0740521, 0.973608, -0.263919, -0.95558, -0.1312)
    Head.CFrame = CFrame.new(0.00563259, -0.00377043, 0.00218332, 0.986686, -0.0106084, -0.162292, 0.0471233, 0.973714, 0.222847, 0.155662, -0.227528, 0.961249)
    Right Leg.CFrame = CFrame.new(0.072665, -0.205556, 0.112916, 0.688512, -0.42256, -0.589402, -0.12553, 0.731009, -0.670722, 0.714278, 0.535788, 0.450265)

[12]
    Time: 0.366667
    HumanoidRootPart.CFrame = CFrame.new(0, 0, 0, 1, 0, 0, 0, 1, 0, 0, 0, 1)
    Torso.CFrame = CFrame.new(0.0139532, -0.216555, -0.103899, 0.998066, -0.0337122, -0.0522218, 0.0118262, 0.927789, -0.372918, 0.0610227, 0.37158, 0.926394)
    Left Leg.CFrame = CFrame.new(-0.166279, -0.404606, 0.0595726, 0.662023, -0.115074, 0.740597, 0.587647, 0.693012, -0.417619, -0.465185, 0.711683, 0.526413)
    Right Arm.CFrame = CFrame.new(-0.0230174, 0.0431415, 0.541294, 0.939034, 0.287166, -0.189078, 0.225148, -0.0979629, 0.969387, 0.259852, -0.952858, -0.156645)
    Left Arm.CFrame = CFrame.new(0.0309573, 0.0339753, 0.529693, 0.940076, -0.285277, 0.186747, -0.21588, -0.0740521, 0.973608, -0.263919, -0.95558, -0.1312)
    Head.CFrame = CFrame.new(0.00563259, -0.00377043, 0.00218332, 0.986686, -0.0106084, -0.162292, 0.0471233, 0.973714, 0.222847, 0.155662, -0.227528, 0.961249)
    Right Leg.CFrame = CFrame.new(0.072665, -0.205556, 0.112916, 0.688512, -0.42256, -0.589402, -0.12553, 0.731009, -0.670722, 0.714278, 0.535788, 0.450265)

[13]
    Time: 0.400000
    HumanoidRootPart.CFrame = CFrame.new(0, 0, 0, 1, 0, 0, 0, 1, 0, 0, 0, 1)
    Torso.CFrame = CFrame.new(0.0139532, -0.216555, -0.103899, 0.998066, -0.0337122, -0.0522218, 0.0118262, 0.927789, -0.372918, 0.0610227, 0.37158, 0.926394)
    Left Leg.CFrame = CFrame.new(-0.166279, -0.404606, 0.0595726, 0.662023, -0.115074, 0.740597, 0.587647, 0.693012, -0.417619, -0.465185, 0.711683, 0.526413)
    Right Arm.CFrame = CFrame.new(-0.0230174, 0.0431415, 0.541294, 0.939034, 0.287166, -0.189078, 0.225148, -0.0979629, 0.969387, 0.259852, -0.952858, -0.156645)
    Left Arm.CFrame = CFrame.new(0.0309573, 0.0339753, 0.529693, 0.940076, -0.285277, 0.186747, -0.21588, -0.0740521, 0.973608, -0.263919, -0.95558, -0.1312)
    Head.CFrame = CFrame.new(0.00563259, -0.00377043, 0.00218332, 0.986686, -0.0106084, -0.162292, 0.0471233, 0.973714, 0.222847, 0.155662, -0.227528, 0.961249)
    Right Leg.CFrame = CFrame.new(0.072665, -0.205556, 0.112916, 0.688512, -0.42256, -0.589402, -0.12553, 0.731009, -0.670722, 0.714278, 0.535788, 0.450265)

[14]
    Time: 0.433333
    HumanoidRootPart.CFrame = CFrame.new(0, 0, 0, 1, 0, 0, 0, 1, 0, 0, 0, 1)
    Torso.CFrame = CFrame.new(0.0139532, -0.216555, -0.103899, 0.998066, -0.0337122, -0.0522218, 0.0118262, 0.927789, -0.372918, 0.0610227, 0.37158, 0.926394)
    Left Leg.CFrame = CFrame.new(-0.166279, -0.404606, 0.0595726, 0.662023, -0.115074, 0.740597, 0.587647, 0.693012, -0.417619, -0.465185, 0.711683, 0.526413)
    Right Arm.CFrame = CFrame.new(-0.0230174, 0.0431415, 0.541294, 0.939034, 0.287166, -0.189078, 0.225148, -0.0979629, 0.969387, 0.259852, -0.952858, -0.156645)
    Left Arm.CFrame = CFrame.new(0.0309573, 0.0339753, 0.529693, 0.940076, -0.285277, 0.186747, -0.21588, -0.0740521, 0.973608, -0.263919, -0.95558, -0.1312)
    Head.CFrame = CFrame.new(0.00563259, -0.00377043, 0.00218332, 0.986686, -0.0106084, -0.162292, 0.0471233, 0.973714, 0.222847, 0.155662, -0.227528, 0.961249)
    Right Leg.CFrame = CFrame.new(0.072665, -0.205556, 0.112916, 0.688512, -0.42256, -0.589402, -0.12553, 0.731009, -0.670722, 0.714278, 0.535788, 0.450265)

[15]
    Time: 0.466667
    HumanoidRootPart.CFrame = CFrame.new(0, 0, 0, 1, 0, 0, 0, 1, 0, 0, 0, 1)
    Torso.CFrame = CFrame.new(0.0139532, -0.216555, -0.103899, 0.998066, -0.0337122, -0.0522218, 0.0118262, 0.927789, -0.372918, 0.0610227, 0.37158, 0.926394)
    Left Leg.CFrame = CFrame.new(-0.166279, -0.404606, 0.0595726, 0.662023, -0.115074, 0.740597, 0.587647, 0.693012, -0.417619, -0.465185, 0.711683, 0.526413)
    Right Arm.CFrame = CFrame.new(-0.0230174, 0.0431415, 0.541294, 0.939034, 0.287166, -0.189078, 0.225148, -0.0979629, 0.969387, 0.259852, -0.952858, -0.156645)
    Left Arm.CFrame = CFrame.new(0.0309573, 0.0339753, 0.529693, 0.940076, -0.285277, 0.186747, -0.21588, -0.0740521, 0.973608, -0.263919, -0.95558, -0.1312)
    Head.CFrame = CFrame.new(0.00563259, -0.00377043, 0.00218332, 0.986686, -0.0106084, -0.162292, 0.0471233, 0.973714, 0.222847, 0.155662, -0.227528, 0.961249)
    Right Leg.CFrame = CFrame.new(0.072665, -0.205556, 0.112916, 0.688512, -0.42256, -0.589402, -0.12553, 0.731009, -0.670722, 0.714278, 0.535788, 0.450265)

[16]
    Time: 0.500000
    HumanoidRootPart.CFrame = CFrame.new(0, 0, 0, 1, 0, 0, 0, 1, 0, 0, 0, 1)
    Torso.CFrame = CFrame.new(0.0139532, -0.216555, -0.103899, 0.998066, -0.0337122, -0.0522218, 0.0118262, 0.927789, -0.372918, 0.0610227, 0.37158, 0.926394)
    Left Leg.CFrame = CFrame.new(-0.166279, -0.404606, 0.0595726, 0.662023, -0.115074, 0.740597, 0.587647, 0.693012, -0.417619, -0.465185, 0.711683, 0.526413)
    Right Arm.CFrame = CFrame.new(-0.0230174, 0.0431415, 0.541294, 0.939034, 0.287166, -0.189078, 0.225148, -0.0979629, 0.969387, 0.259852, -0.952858, -0.156645)
    Left Arm.CFrame = CFrame.new(0.0309573, 0.0339753, 0.529693, 0.940076, -0.285277, 0.186747, -0.21588, -0.0740521, 0.973608, -0.263919, -0.95558, -0.1312)
    Head.CFrame = CFrame.new(0.00563259, -0.00377043, 0.00218332, 0.986686, -0.0106084, -0.162292, 0.0471233, 0.973714, 0.222847, 0.155662, -0.227528, 0.961249)
    Right Leg.CFrame = CFrame.new(0.072665, -0.205556, 0.112916, 0.688512, -0.42256, -0.589402, -0.12553, 0.731009, -0.670722, 0.714278, 0.535788, 0.450265)

[17]
    Time: 0.533333
    HumanoidRootPart.CFrame = CFrame.new(0, 0, 0, 1, 0, 0, 0, 1, 0, 0, 0, 1)
    Torso.CFrame = CFrame.new(0.637447, 0.0325841, -0.117396, 0.467233, -0.876263, 0.117718, 0.884062, 0.464742, -0.0494985, -0.0113346, 0.127197, 0.991813)
    Left Leg.CFrame = CFrame.new(-0.489654, 0.0225335, 0.125496, 0.931423, -0.18052, 0.316013, 0.222059, 0.969841, -0.100487, -0.288342, 0.163769, 0.943418)
    Right Arm.CFrame = CFrame.new(-0.100724, -0.499931, 0.0380924, -0.263606, -0.84465, -0.465917, 0.804024, -0.459252, 0.377669, -0.532971, -0.275053, 0.80018)
    Left Arm.CFrame = CFrame.new(0.278416, -0.477738, 0.154547, -0.372482, 0.847008, -0.379254, -0.917123, -0.273463, 0.290006, 0.141925, 0.455845, 0.878671)
    Head.CFrame = CFrame.new(-0.000532832, -0.00184698, 0.00121856, 0.435091, 0.891277, 0.127754, -0.89865, 0.438665, 0.000178797, -0.0558821, -0.114884, 0.991806)
    Right Leg.CFrame = CFrame.new(0.855691, -0.0391606, 0.0671675, 0.777944, 0.626375, -0.0495644, -0.619182, 0.777639, 0.109045, 0.106846, -0.0541412, 0.9928)

[18]
    Time: 0.566667
    HumanoidRootPart.CFrame = CFrame.new(0, 0, 0, 1, 0, 0, 0, 1, 0, 0, 0, 1)
    Torso.CFrame = CFrame.new(0.637447, 0.0325841, -0.117396, 0.467233, -0.876263, 0.117718, 0.884062, 0.464742, -0.0494985, -0.0113346, 0.127197, 0.991813)
    Left Leg.CFrame = CFrame.new(-0.489654, 0.0225335, 0.125496, 0.931423, -0.18052, 0.316013, 0.222059, 0.969841, -0.100487, -0.288342, 0.163769, 0.943418)
    Right Arm.CFrame = CFrame.new(-0.100724, -0.499931, 0.0380924, -0.263606, -0.84465, -0.465917, 0.804024, -0.459252, 0.377669, -0.532971, -0.275053, 0.80018)
    Left Arm.CFrame = CFrame.new(0.278416, -0.477738, 0.154547, -0.372482, 0.847008, -0.379254, -0.917123, -0.273463, 0.290006, 0.141925, 0.455845, 0.878671)
    Head.CFrame = CFrame.new(-0.000532832, -0.00184698, 0.00121856, 0.435091, 0.891277, 0.127754, -0.89865, 0.438665, 0.000178797, -0.0558821, -0.114884, 0.991806)
    Right Leg.CFrame = CFrame.new(0.855691, -0.0391606, 0.0671675, 0.777944, 0.626375, -0.0495644, -0.619182, 0.777639, 0.109045, 0.106846, -0.0541412, 0.9928)

[19]
    Time: 0.600000
    HumanoidRootPart.CFrame = CFrame.new(0, 0, 0, 1, 0, 0, 0, 1, 0, 0, 0, 1)
    Torso.CFrame = CFrame.new(0.630174, 0.0325841, -0.0888813, 0.467338, -0.877797, 0.105204, 0.884062, 0.464742, -0.0494985, -0.0054428, 0.116139, 0.993218)
    Left Leg.CFrame = CFrame.new(-0.414504, 0.00090754, 0.0977046, 0.936787, -0.148412, 0.316867, 0.188982, 0.976749, -0.101224, -0.294477, 0.154708, 0.943053)
    Right Arm.CFrame = CFrame.new(-0.122323, -0.49208, 0.047196, -0.219749, -0.862138, -0.45654, 0.811849, -0.421102, 0.404444, -0.540936, -0.281765, 0.792462)
    Left Arm.CFrame = CFrame.new(0.265957, -0.481745, 0.161108, -0.391115, 0.841114, -0.373572, -0.908404, -0.287645, 0.303417, 0.147753, 0.458025, 0.876574)
    Head.CFrame = CFrame.new(-0.000530476, -0.00185148, 0.00121844, 0.435112, 0.891286, 0.12762, -0.898659, 0.438649, 0.000436569, -0.0555912, -0.114877, 0.991823)
    Right Leg.CFrame = CFrame.new(0.839613, -0.0241814, 0.0701535, 0.789003, 0.612183, -0.0520174, -0.604143, 0.788457, 0.115525, 0.111736, -0.0597238, 0.991942)

[20]
    Time: 0.633333
    HumanoidRootPart.CFrame = CFrame.new(0, 0, 0, 1, 0, 0, 0, 1, 0, 0, 0, 1)
    Torso.CFrame = CFrame.new(0.630174, 0.0325841, -0.0888813, 0.467338, -0.877797, 0.105204, 0.884062, 0.464742, -0.0494985, -0.0054428, 0.116139, 0.993218)
    Left Leg.CFrame = CFrame.new(-0.414504, 0.00090754, 0.0977046, 0.936787, -0.148412, 0.316867, 0.188982, 0.976749, -0.101224, -0.294477, 0.154708, 0.943053)
    Right Arm.CFrame = CFrame.new(-0.122323, -0.49208, 0.047196, -0.219749, -0.862138, -0.45654, 0.811849, -0.421102, 0.404444, -0.540936, -0.281765, 0.792462)
    Left Arm.CFrame = CFrame.new(0.265957, -0.481745, 0.161108, -0.391115, 0.841114, -0.373572, -0.908404, -0.287645, 0.303417, 0.147753, 0.458025, 0.876574)
    Head.CFrame = CFrame.new(-0.000530476, -0.00185148, 0.00121844, 0.435112, 0.891286, 0.12762, -0.898659, 0.438649, 0.000436569, -0.0555912, -0.114877, 0.991823)
    Right Leg.CFrame = CFrame.new(0.839613, -0.0241814, 0.0701535, 0.789003, 0.612183, -0.0520174, -0.604143, 0.788457, 0.115525, 0.111736, -0.0597238, 0.991942)

[21]
    Time: 0.666667
    HumanoidRootPart.CFrame = CFrame.new(0, 0, 0, 1, 0, 0, 0, 1, 0, 0, 0, 1)
    Torso.CFrame = CFrame.new(0.624519, 0.0325841, -0.0698323, 0.467369, -0.878892, 0.0954751, 0.884062, 0.464742, -0.0494986, -0.000867398, 0.10754, 0.9942)
    Left Leg.CFrame = CFrame.new(-0.355962, -0.0142546, 0.07613, 0.940135, -0.123826, 0.317512, 0.163671, 0.981233, -0.10195, -0.29893, 0.147814, 0.942758)
    Right Arm.CFrame = CFrame.new(-0.138441, -0.487701, 0.0549366, -0.196516, -0.871687, -0.448937, 0.812518, -0.401055, 0.423048, -0.548813, -0.281634, 0.787075)
    Left Arm.CFrame = CFrame.new(0.25702, -0.486282, 0.166218, -0.411671, 0.832943, -0.369775, -0.89956, -0.306393, 0.311311, 0.146008, 0.460793, 0.875415)
    Head.CFrame = CFrame.new(-0.000470223, -0.00196511, 0.00122702, 0.435619, 0.89152, 0.124209, -0.898839, 0.438225, 0.00696743, -0.04822, -0.114679, 0.992232)
    Right Leg.CFrame = CFrame.new(0.814017, -0.0185131, 0.0713395, 0.797104, 0.601529, -0.0528039, -0.592974, 0.796275, 0.119699, 0.114049, -0.0641009, 0.991405)

[22]
    Time: 0.700000
    HumanoidRootPart.CFrame = CFrame.new(0, 0, 0, 1, 0, 0, 0, 1, 0, 0, 0, 1)
    Torso.CFrame = CFrame.new(0.624519, 0.0325841, -0.0698323, 0.467369, -0.878892, 0.0954751, 0.884062, 0.464742, -0.0494986, -0.000867398, 0.10754, 0.9942)
    Left Leg.CFrame = CFrame.new(-0.355962, -0.0142546, 0.07613, 0.940135, -0.123826, 0.317512, 0.163671, 0.981233, -0.10195, -0.29893, 0.147814, 0.942758)
    Right Arm.CFrame = CFrame.new(-0.138441, -0.487701, 0.0549366, -0.196516, -0.871687, -0.448937, 0.812518, -0.401055, 0.423048, -0.548813, -0.281634, 0.787075)
    Left Arm.CFrame = CFrame.new(0.25702, -0.486282, 0.166218, -0.411671, 0.832943, -0.369775, -0.89956, -0.306393, 0.311311, 0.146008, 0.460793, 0.875415)
    Head.CFrame = CFrame.new(-0.000470223, -0.00196511, 0.00122702, 0.435619, 0.89152, 0.124209, -0.898839, 0.438225, 0.00696743, -0.04822, -0.114679, 0.992232)
    Right Leg.CFrame = CFrame.new(0.814017, -0.0185131, 0.0713395, 0.797104, 0.601529, -0.0528039, -0.592974, 0.796275, 0.119699, 0.114049, -0.0641009, 0.991405)

[23]
    Time: 0.733333
    HumanoidRootPart.CFrame = CFrame.new(0, 0, 0, 1, 0, 0, 0, 1, 0, 0, 0, 1)
    Torso.CFrame = CFrame.new(0.615164, 0.0335939, -0.0598764, 0.467333, -0.880352, 0.0811174, 0.884062, 0.464742, -0.0494985, 0.00587749, 0.0948451, 0.995475)
    Left Leg.CFrame = CFrame.new(-0.320259, -0.0291455, 0.0621003, 0.940747, -0.117313, 0.31817, 0.15773, 0.981958, -0.104306, -0.300194, 0.14831, 0.942278)
    Right Arm.CFrame = CFrame.new(-0.159143, -0.480867, 0.0645905, -0.163427, -0.883781, -0.438432, 0.813275, -0.372252, 0.447227, -0.558458, -0.283476, 0.779593)
    Left Arm.CFrame = CFrame.new(0.251014, -0.48913, 0.169616, -0.42487, 0.827436, -0.367199, -0.89355, -0.318307, 0.316621, 0.145102, 0.462633, 0.874595)
    Head.CFrame = CFrame.new(-0.000561878, -0.00179195, 0.00121522, 0.434837, 0.891164, 0.1294, -0.898545, 0.438871, -0.00297487, -0.0594409, -0.114978, 0.991588)
    Right Leg.CFrame = CFrame.new(0.810277, -0.0145983, 0.080512, 0.79472, 0.603875, -0.0612739, -0.594561, 0.794801, 0.121604, 0.122134, -0.0602099, 0.990686)

[24]
    Time: 0.766667
    HumanoidRootPart.CFrame = CFrame.new(0, 0, 0, 1, 0, 0, 0, 1, 0, 0, 0, 1)
    Torso.CFrame = CFrame.new(0.615164, 0.0335939, -0.0598764, 0.467333, -0.880352, 0.0811174, 0.884062, 0.464742, -0.0494985, 0.00587749, 0.0948451, 0.995475)
    Left Leg.CFrame = CFrame.new(-0.320259, -0.0291455, 0.0621003, 0.940747, -0.117313, 0.31817, 0.15773, 0.981958, -0.104306, -0.300194, 0.14831, 0.942278)
    Right Arm.CFrame = CFrame.new(-0.159143, -0.480867, 0.0645905, -0.163427, -0.883781, -0.438432, 0.813275, -0.372252, 0.447227, -0.558458, -0.283476, 0.779593)
    Left Arm.CFrame = CFrame.new(0.251014, -0.48913, 0.169616, -0.42487, 0.827436, -0.367199, -0.89355, -0.318307, 0.316621, 0.145102, 0.462633, 0.874595)
    Head.CFrame = CFrame.new(-0.000561878, -0.00179195, 0.00121522, 0.434837, 0.891164, 0.1294, -0.898545, 0.438871, -0.00297487, -0.0594409, -0.114978, 0.991588)
    Right Leg.CFrame = CFrame.new(0.810277, -0.0145983, 0.080512, 0.79472, 0.603875, -0.0612739, -0.594561, 0.794801, 0.121604, 0.122134, -0.0602099, 0.990686)

[25]
    Time: 0.800000
    HumanoidRootPart.CFrame = CFrame.new(0, 0, 0, 1, 0, 0, 0, 1, 0, 0, 0, 1)
    Torso.CFrame = CFrame.new(0.609258, 0.0344916, -0.0513365, 0.467265, -0.88114, 0.0725015, 0.884062, 0.464742, -0.0494986, 0.00992067, 0.0872248, 0.996139)
    Left Leg.CFrame = CFrame.new(-0.287232, -0.038587, 0.049633, 0.941898, -0.106429, 0.318592, 0.146893, 0.983485, -0.105738, -0.302077, 0.146393, 0.941976)
    Right Arm.CFrame = CFrame.new(-0.166491, -0.476513, 0.0672334, -0.142464, -0.889434, -0.434294, 0.815964, -0.353899, 0.45712, -0.560275, -0.289245, 0.776163)
    Left Arm.CFrame = CFrame.new(0.244881, -0.493795, 0.173426, -0.445378, 0.817548, -0.365041, -0.884622, -0.338905, 0.320293, 0.138141, 0.465574, 0.874161)
    Head.CFrame = CFrame.new(-0.0005292, -0.00185391, 0.0012188, 0.435123, 0.891291, 0.127547, -0.898663, 0.43864, 0.000576112, -0.0554337, -0.114872, 0.991832)
    Right Leg.CFrame = CFrame.new(0.808203, -0.00794148, 0.0825622, 0.796416, 0.601572, -0.0619115, -0.591618, 0.796247, 0.126405, 0.125339, -0.0640433, 0.990045)

[26]
    Time: 0.833333
    HumanoidRootPart.CFrame = CFrame.new(0, 0, 0, 1, 0, 0, 0, 1, 0, 0, 0, 1)
    Torso.CFrame = CFrame.new(0.609258, 0.0344916, -0.0513365, 0.467265, -0.88114, 0.0725015, 0.884062, 0.464742, -0.0494986, 0.00992067, 0.0872248, 0.996139)
    Left Leg.CFrame = CFrame.new(-0.287232, -0.038587, 0.049633, 0.941898, -0.106429, 0.318592, 0.146893, 0.983485, -0.105738, -0.302077, 0.146393, 0.941976)
    Right Arm.CFrame = CFrame.new(-0.166491, -0.476513, 0.0672334, -0.142464, -0.889434, -0.434294, 0.815964, -0.353899, 0.45712, -0.560275, -0.289245, 0.776163)
    Left Arm.CFrame = CFrame.new(0.244881, -0.493795, 0.173426, -0.445378, 0.817548, -0.365041, -0.884622, -0.338905, 0.320293, 0.138141, 0.465574, 0.874161)
    Head.CFrame = CFrame.new(-0.0005292, -0.00185391, 0.0012188, 0.435123, 0.891291, 0.127547, -0.898663, 0.43864, 0.000576112, -0.0554337, -0.114872, 0.991832)
    Right Leg.CFrame = CFrame.new(0.808203, -0.00794148, 0.0825622, 0.796416, 0.601572, -0.0619115, -0.591618, 0.796247, 0.126405, 0.125339, -0.0640433, 0.990045)

[27]
    Time: 0.866667
    HumanoidRootPart.CFrame = CFrame.new(0, 0, 0, 1, 0, 0, 0, 1, 0, 0, 0, 1)
    Torso.CFrame = CFrame.new(0.605483, 0.0344916, -0.0510144, 0.46719, -0.881689, 0.0660105, 0.884062, 0.464742, -0.0494985, 0.0129644, 0.0814826, 0.99659)
    Left Leg.CFrame = CFrame.new(-0.284929, -0.0434695, 0.048149, 0.941131, -0.112138, 0.318901, 0.153229, 0.982408, -0.106754, -0.301319, 0.149334, 0.941757)
    Right Arm.CFrame = CFrame.new(-0.17718, -0.471556, 0.071785, -0.119818, -0.895713, -0.428184, 0.81679, -0.334104, 0.470349, -0.564356, -0.29338, 0.771641)
    Left Arm.CFrame = CFrame.new(0.231597, -0.496332, 0.180267, -0.460745, 0.811947, -0.358407, -0.875318, -0.348939, 0.334754, 0.14674, 0.467957, 0.871484)
    Head.CFrame = CFrame.new(-0.000439791, -0.00201532, 0.00123119, 0.435353, 0.891897, 0.122425, -0.899144, 0.437542, 0.00981991, -0.044808, -0.114353, 0.992429)
    Right Leg.CFrame = CFrame.new(0.816344, -0.0059545, 0.088218, 0.792803, 0.605771, -0.0671263, -0.595619, 0.793415, 0.125419, 0.129234, -0.0594512, 0.98983)

[28]
    Time: 0.900000
    HumanoidRootPart.CFrame = CFrame.new(0, 0, 0, 1, 0, 0, 0, 1, 0, 0, 0, 1)
    Torso.CFrame = CFrame.new(0.605483, 0.0344916, -0.0510144, 0.46719, -0.881689, 0.0660105, 0.884062, 0.464742, -0.0494985, 0.0129644, 0.0814826, 0.99659)
    Left Leg.CFrame = CFrame.new(-0.284929, -0.0434695, 0.048149, 0.941131, -0.112138, 0.318901, 0.153229, 0.982408, -0.106754, -0.301319, 0.149334, 0.941757)
    Right Arm.CFrame = CFrame.new(-0.17718, -0.471556, 0.071785, -0.119818, -0.895713, -0.428184, 0.81679, -0.334104, 0.470349, -0.564356, -0.29338, 0.771641)
    Left Arm.CFrame = CFrame.new(0.231597, -0.496332, 0.180267, -0.460745, 0.811947, -0.358407, -0.875318, -0.348939, 0.334754, 0.14674, 0.467957, 0.871484)
    Head.CFrame = CFrame.new(-0.000439791, -0.00201532, 0.00123119, 0.435353, 0.891897, 0.122425, -0.899144, 0.437542, 0.00981991, -0.044808, -0.114353, 0.992429)
    Right Leg.CFrame = CFrame.new(0.816344, -0.0059545, 0.088218, 0.792803, 0.605771, -0.0671263, -0.595619, 0.793415, 0.125419, 0.129234, -0.0594512, 0.98983)

[29]
    Time: 0.933333
    HumanoidRootPart.CFrame = CFrame.new(0, 0, 0, 1, 0, 0, 0, 1, 0, 0, 0, 1)
    Torso.CFrame = CFrame.new(0.594712, 0.0342684, -0.0522234, 0.466861, -0.883075, 0.0471104, 0.884062, 0.464742, -0.0494985, 0.0218168, 0.0647574, 0.997663)
    Left Leg.CFrame = CFrame.new(-0.285807, -0.0571001, 0.0464525, 0.938034, -0.133435, 0.319824, 0.176538, 0.978164, -0.109676, -0.298206, 0.159341, 0.941108)
    Right Arm.CFrame = CFrame.new(-0.194771, -0.463931, 0.0797046, -0.0873448, -0.904384, -0.417685, 0.81558, -0.305679, 0.491314, -0.572014, -0.297742, 0.764297)
    Left Arm.CFrame = CFrame.new(0.221134, -0.500399, 0.186078, -0.481461, 0.801911, -0.353745, -0.864252, -0.367217, 0.343831, 0.14582, 0.471266, 0.869853)
    Head.CFrame = CFrame.new(-0.000443472, -0.00200835, 0.00122988, 0.435323, 0.891883, 0.122635, -0.899136, 0.437568, 0.00941913, -0.0452604, -0.114366, 0.992407)
    Right Leg.CFrame = CFrame.new(0.81969, -0.00787032, 0.0959375, 0.781439, 0.62005, -0.0699382, -0.608923, 0.782251, 0.131516, 0.136256, -0.060185, 0.988844)

[30]
    Time: 0.966667
    HumanoidRootPart.CFrame = CFrame.new(0, 0, 0, 1, 0, 0, 0, 1, 0, 0, 0, 1)
    Torso.CFrame = CFrame.new(0.594712, 0.0342684, -0.0522234, 0.466861, -0.883075, 0.0471104, 0.884062, 0.464742, -0.0494985, 0.0218168, 0.0647574, 0.997663)
    Left Leg.CFrame = CFrame.new(-0.285807, -0.0571001, 0.0464525, 0.938034, -0.133435, 0.319824, 0.176538, 0.978164, -0.109676, -0.298206, 0.159341, 0.941108)
    Right Arm.CFrame = CFrame.new(-0.194771, -0.463931, 0.0797046, -0.0873448, -0.904384, -0.417685, 0.81558, -0.305679, 0.491314, -0.572014, -0.297742, 0.764297)
    Left Arm.CFrame = CFrame.new(0.221134, -0.500399, 0.186078, -0.481461, 0.801911, -0.353745, -0.864252, -0.367217, 0.343831, 0.14582, 0.471266, 0.869853)
    Head.CFrame = CFrame.new(-0.000443472, -0.00200835, 0.00122988, 0.435323, 0.891883, 0.122635, -0.899136, 0.437568, 0.00941913, -0.0452604, -0.114366, 0.992407)
    Right Leg.CFrame = CFrame.new(0.81969, -0.00787032, 0.0959375, 0.781439, 0.62005, -0.0699382, -0.608923, 0.782251, 0.131516, 0.136256, -0.060185, 0.988844)

[31]
    Time: 1.000000
    HumanoidRootPart.CFrame = CFrame.new(0, 0, 0, 1, 0, 0, 0, 1, 0, 0, 0, 1)
    Torso.CFrame = CFrame.new(0.594712, 0.0342684, -0.0522234, 0.466861, -0.883075, 0.0471104, 0.884062, 0.464742, -0.0494985, 0.0218168, 0.0647574, 0.997663)
    Left Leg.CFrame = CFrame.new(-0.285807, -0.0571001, 0.0464525, 0.938034, -0.133435, 0.319824, 0.176538, 0.978164, -0.109676, -0.298206, 0.159341, 0.941108)
    Right Arm.CFrame = CFrame.new(-0.194771, -0.463931, 0.0797046, -0.0873448, -0.904384, -0.417685, 0.81558, -0.305679, 0.491314, -0.572014, -0.297742, 0.764297)
    Left Arm.CFrame = CFrame.new(0.221134, -0.500399, 0.186078, -0.481461, 0.801911, -0.353745, -0.864252, -0.367217, 0.343831, 0.14582, 0.471266, 0.869853)
    Head.CFrame = CFrame.new(-0.000443472, -0.00200835, 0.00122988, 0.435323, 0.891883, 0.122635, -0.899136, 0.437568, 0.00941913, -0.0452604, -0.114366, 0.992407)
    Right Leg.CFrame = CFrame.new(0.81969, -0.00787032, 0.0959375, 0.781439, 0.62005, -0.0699382, -0.608923, 0.782251, 0.131516, 0.136256, -0.060185, 0.988844)

[32]
    Time: 1.033333
    HumanoidRootPart.CFrame = CFrame.new(0, 0, 0, 1, 0, 0, 0, 1, 0, 0, 0, 1)
    Torso.CFrame = CFrame.new(0.0109421, -0.216555, -0.15419, 0.998066, -0.0337122, -0.0522218, 0.0118262, 0.927789, -0.372918, 0.0610227, 0.37158, 0.926394)
    Left Leg.CFrame = CFrame.new(-0.0504556, -0.366508, -0.0705485, 0.663081, -0.0825311, 0.743984, 0.553358, 0.723378, -0.412939, -0.504102, 0.685502, 0.525327)
    Right Arm.CFrame = CFrame.new(-0.0214143, -0.0218926, 0.498898, 0.96746, 0.148834, -0.204623, 0.208506, -0.0108036, 0.977961, 0.143343, -0.988803, -0.0414848)
    Left Arm.CFrame = CFrame.new(0.029295, -0.0301161, 0.489468, 0.968258, -0.146889, 0.202235, -0.202394, 0.0140265, 0.979204, -0.146671, -0.989054, -0.0161481)
    Head.CFrame = CFrame.new(0.00563258, -0.00377037, 0.0021832, 0.986686, -0.0106084, -0.162292, 0.0471233, 0.973714, 0.222847, 0.155662, -0.227528, 0.961249)
    Right Leg.CFrame = CFrame.new(0.0575883, -0.2258, 0.0806857, 0.688745, -0.404485, -0.601683, -0.161386, 0.723545, -0.671146, 0.706813, 0.559352, 0.43306)

[33]
    Time: 1.066667
    HumanoidRootPart.CFrame = CFrame.new(0, 0, 0, 1, 0, 0, 0, 1, 0, 0, 0, 1)
    Torso.CFrame = CFrame.new(0.0109421, -0.216555, -0.15419, 0.998066, -0.0337122, -0.0522218, 0.0118262, 0.927789, -0.372918, 0.0610227, 0.37158, 0.926394)
    Left Leg.CFrame = CFrame.new(-0.0504556, -0.366508, -0.0705485, 0.663081, -0.0825311, 0.743984, 0.553358, 0.723378, -0.412939, -0.504102, 0.685502, 0.525327)
    Right Arm.CFrame = CFrame.new(-0.0214143, -0.0218926, 0.498898, 0.96746, 0.148834, -0.204623, 0.208506, -0.0108036, 0.977961, 0.143343, -0.988803, -0.0414848)
    Left Arm.CFrame = CFrame.new(0.029295, -0.0301161, 0.489468, 0.968258, -0.146889, 0.202235, -0.202394, 0.0140265, 0.979204, -0.146671, -0.989054, -0.0161481)
    Head.CFrame = CFrame.new(0.00563258, -0.00377037, 0.0021832, 0.986686, -0.0106084, -0.162292, 0.0471233, 0.973714, 0.222847, 0.155662, -0.227528, 0.961249)
    Right Leg.CFrame = CFrame.new(0.0575883, -0.2258, 0.0806857, 0.688745, -0.404485, -0.601683, -0.161386, 0.723545, -0.671146, 0.706813, 0.559352, 0.43306)

[34]
    Time: 1.100000
    HumanoidRootPart.CFrame = CFrame.new(0, 0, 0, 1, 0, 0, 0, 1, 0, 0, 0, 1)
    Torso.CFrame = CFrame.new(0.0119944, -0.216555, -0.136615, 0.998066, -0.0337122, -0.0522218, 0.0118262, 0.927789, -0.372918, 0.0610227, 0.37158, 0.926394)
    Left Leg.CFrame = CFrame.new(-0.0657245, -0.371084, -0.0531602, 0.663692, -0.08363, 0.743316, 0.554383, 0.722128, -0.413751, -0.502168, 0.686685, 0.525634)
    Right Arm.CFrame = CFrame.new(-0.0199271, -0.00937715, 0.508585, 0.961271, 0.189784, -0.199849, 0.208155, -0.0246785, 0.977785, 0.180636, -0.981516, -0.0632272)
    Left Arm.CFrame = CFrame.new(0.0278223, -0.0177842, 0.498734, 0.962142, -0.187851, 0.197473, -0.201058, -2.78577e-05, 0.979579, -0.18401, -0.982197, -0.0377956)
    Head.CFrame = CFrame.new(0.00563255, -0.00377038, 0.00218332, 0.986686, -0.0106084, -0.162292, 0.0471233, 0.973714, 0.222847, 0.155662, -0.227528, 0.961249)
    Right Leg.CFrame = CFrame.new(0.0673721, -0.219044, 0.0980502, 0.690697, -0.407895, -0.597125, -0.152293, 0.725168, -0.671519, 0.706926, 0.554755, 0.438752)

[35]
    Time: 1.133333
    HumanoidRootPart.CFrame = CFrame.new(0, 0, 0, 1, 0, 0, 0, 1, 0, 0, 0, 1)
    Torso.CFrame = CFrame.new(0.0119944, -0.216555, -0.136615, 0.998066, -0.0337122, -0.0522218, 0.0118262, 0.927789, -0.372918, 0.0610227, 0.37158, 0.926394)
    Left Leg.CFrame = CFrame.new(-0.0657245, -0.371084, -0.0531602, 0.663692, -0.08363, 0.743316, 0.554383, 0.722128, -0.413751, -0.502168, 0.686685, 0.525634)
    Right Arm.CFrame = CFrame.new(-0.0199271, -0.00937715, 0.508585, 0.961271, 0.189784, -0.199849, 0.208155, -0.0246785, 0.977785, 0.180636, -0.981516, -0.0632272)
    Left Arm.CFrame = CFrame.new(0.0278223, -0.0177842, 0.498734, 0.962142, -0.187851, 0.197473, -0.201058, -2.78577e-05, 0.979579, -0.18401, -0.982197, -0.0377956)
    Head.CFrame = CFrame.new(0.00563255, -0.00377038, 0.00218332, 0.986686, -0.0106084, -0.162292, 0.0471233, 0.973714, 0.222847, 0.155662, -0.227528, 0.961249)
    Right Leg.CFrame = CFrame.new(0.0673721, -0.219044, 0.0980502, 0.690697, -0.407895, -0.597125, -0.152293, 0.725168, -0.671519, 0.706926, 0.554755, 0.438752)

[36]
    Time: 1.166667
    HumanoidRootPart.CFrame = CFrame.new(0, 0, 0, 1, 0, 0, 0, 1, 0, 0, 0, 1)
    Torso.CFrame = CFrame.new(0.012692, -0.216555, -0.124963, 0.998066, -0.0337122, -0.0522218, 0.0118262, 0.927789, -0.372918, 0.0610227, 0.37158, 0.926394)
    Left Leg.CFrame = CFrame.new(-0.0827063, -0.376851, -0.0342164, 0.663842, -0.0873363, 0.742755, 0.558301, 0.718684, -0.414479, -0.497607, 0.68983, 0.525853)
    Right Arm.CFrame = CFrame.new(-0.0196062, -0.000856817, 0.514843, 0.956692, 0.214395, -0.196914, 0.208957, -0.0348072, 0.977305, 0.202675, -0.976127, -0.078099)
    Left Arm.CFrame = CFrame.new(0.0275074, -0.00938898, 0.504705, 0.957605, -0.212471, 0.194547, -0.201274, -0.0102918, 0.979481, -0.206109, -0.977113, -0.0526205)
    Head.CFrame = CFrame.new(0.00563257, -0.00377035, 0.00218308, 0.986686, -0.0106084, -0.162292, 0.0471233, 0.973714, 0.222847, 0.155662, -0.227528, 0.961249)
    Right Leg.CFrame = CFrame.new(0.0737683, -0.213719, 0.109882, 0.691812, -0.410887, -0.593775, -0.145043, 0.726479, -0.671708, 0.707361, 0.550818, 0.44299)

[37]
    Time: 1.200000
    HumanoidRootPart.CFrame = CFrame.new(0, 0, 0, 1, 0, 0, 0, 1, 0, 0, 0, 1)
    Torso.CFrame = CFrame.new(0.012692, -0.216555, -0.124963, 0.998066, -0.0337122, -0.0522218, 0.0118262, 0.927789, -0.372918, 0.0610227, 0.37158, 0.926394)
    Left Leg.CFrame = CFrame.new(-0.0827063, -0.376851, -0.0342164, 0.663842, -0.0873363, 0.742755, 0.558301, 0.718684, -0.414479, -0.497607, 0.68983, 0.525853)
    Right Arm.CFrame = CFrame.new(-0.0196062, -0.000856817, 0.514843, 0.956692, 0.214395, -0.196914, 0.208957, -0.0348072, 0.977305, 0.202675, -0.976127, -0.078099)
    Left Arm.CFrame = CFrame.new(0.0275074, -0.00938898, 0.504705, 0.957605, -0.212471, 0.194547, -0.201274, -0.0102918, 0.979481, -0.206109, -0.977113, -0.0526205)
    Head.CFrame = CFrame.new(0.00563257, -0.00377035, 0.00218308, 0.986686, -0.0106084, -0.162292, 0.0471233, 0.973714, 0.222847, 0.155662, -0.227528, 0.961249)
    Right Leg.CFrame = CFrame.new(0.0737683, -0.213719, 0.109882, 0.691812, -0.410887, -0.593775, -0.145043, 0.726479, -0.671708, 0.707361, 0.550818, 0.44299)

[38]
    Time: 1.233333
    HumanoidRootPart.CFrame = CFrame.new(0, 0, 0, 1, 0, 0, 0, 1, 0, 0, 0, 1)
    Torso.CFrame = CFrame.new(0.0134047, -0.216555, -0.11306, 0.998066, -0.0337122, -0.0522218, 0.0118262, 0.927789, -0.372918, 0.0610227, 0.37158, 0.926394)
    Left Leg.CFrame = CFrame.new(-0.15427, -0.403529, 0.0443087, 0.661412, -0.114578, 0.741219, 0.587378, 0.693668, -0.416908, -0.466391, 0.711124, 0.526101)
    Right Arm.CFrame = CFrame.new(-0.0220098, 0.0155999, 0.525398, 0.949547, 0.247365, -0.192799, 0.21325, -0.0584743, 0.975246, 0.229968, -0.967156, -0.108275)
    Left Arm.CFrame = CFrame.new(0.0299118, 0.00684398, 0.514683, 0.950517, -0.245456, 0.190446, -0.204821, -0.034188, 0.978202, -0.233594, -0.968805, -0.0827707)
    Head.CFrame = CFrame.new(0.00563255, -0.00377042, 0.00218308, 0.986686, -0.0106084, -0.162292, 0.0471233, 0.973714, 0.222847, 0.155662, -0.227528, 0.961249)
    Right Leg.CFrame = CFrame.new(0.0757562, -0.208579, 0.115498, 0.691031, -0.416338, -0.59088, -0.135094, 0.728665, -0.671414, 0.710089, 0.543792, 0.447285)

[39]
    Time: 1.266667
    HumanoidRootPart.CFrame = CFrame.new(0, 0, 0, 1, 0, 0, 0, 1, 0, 0, 0, 1)
    Torso.CFrame = CFrame.new(0.0134047, -0.216555, -0.11306, 0.998066, -0.0337122, -0.0522218, 0.0118262, 0.927789, -0.372918, 0.0610227, 0.37158, 0.926394)
    Left Leg.CFrame = CFrame.new(-0.15427, -0.403529, 0.0443087, 0.661412, -0.114578, 0.741219, 0.587378, 0.693668, -0.416908, -0.466391, 0.711124, 0.526101)
    Right Arm.CFrame = CFrame.new(-0.0220098, 0.0155999, 0.525398, 0.949547, 0.247365, -0.192799, 0.21325, -0.0584743, 0.975246, 0.229968, -0.967156, -0.108275)
    Left Arm.CFrame = CFrame.new(0.0299118, 0.00684398, 0.514683, 0.950517, -0.245456, 0.190446, -0.204821, -0.034188, 0.978202, -0.233594, -0.968805, -0.0827707)
    Head.CFrame = CFrame.new(0.00563255, -0.00377042, 0.00218308, 0.986686, -0.0106084, -0.162292, 0.0471233, 0.973714, 0.222847, 0.155662, -0.227528, 0.961249)
    Right Leg.CFrame = CFrame.new(0.0757562, -0.208579, 0.115498, 0.691031, -0.416338, -0.59088, -0.135094, 0.728665, -0.671414, 0.710089, 0.543792, 0.447285)

[40]
    Time: 1.300000
    HumanoidRootPart.CFrame = CFrame.new(0, 0, 0, 1, 0, 0, 0, 1, 0, 0, 0, 1)
    Torso.CFrame = CFrame.new(0.0139532, -0.216555, -0.103899, 0.998066, -0.0337122, -0.0522218, 0.0118262, 0.927789, -0.372918, 0.0610227, 0.37158, 0.926394)
    Left Leg.CFrame = CFrame.new(-0.166279, -0.404606, 0.0595726, 0.662023, -0.115074, 0.740597, 0.587647, 0.693012, -0.417619, -0.465185, 0.711683, 0.526413)
    Right Arm.CFrame = CFrame.new(-0.0230174, 0.0431415, 0.541294, 0.939034, 0.287166, -0.189078, 0.225148, -0.0979629, 0.969387, 0.259852, -0.952858, -0.156645)
    Left Arm.CFrame = CFrame.new(0.0309573, 0.0339753, 0.529693, 0.940076, -0.285277, 0.186747, -0.21588, -0.0740521, 0.973608, -0.263919, -0.95558, -0.1312)
    Head.CFrame = CFrame.new(0.00563259, -0.00377043, 0.00218332, 0.986686, -0.0106084, -0.162292, 0.0471233, 0.973714, 0.222847, 0.155662, -0.227528, 0.961249)
    Right Leg.CFrame = CFrame.new(0.072665, -0.205556, 0.112916, 0.688512, -0.42256, -0.589402, -0.12553, 0.731009, -0.670722, 0.714278, 0.535788, 0.450265)

[41]
    Time: 1.333333
    HumanoidRootPart.CFrame = CFrame.new(0, 0, 0, 1, 0, 0, 0, 1, 0, 0, 0, 1)
    Torso.CFrame = CFrame.new(0.0139532, -0.216555, -0.103899, 0.998066, -0.0337122, -0.0522218, 0.0118262, 0.927789, -0.372918, 0.0610227, 0.37158, 0.926394)
    Left Leg.CFrame = CFrame.new(-0.166279, -0.404606, 0.0595726, 0.662023, -0.115074, 0.740597, 0.587647, 0.693012, -0.417619, -0.465185, 0.711683, 0.526413)
    Right Arm.CFrame = CFrame.new(-0.0230174, 0.0431415, 0.541294, 0.939034, 0.287166, -0.189078, 0.225148, -0.0979629, 0.969387, 0.259852, -0.952858, -0.156645)
    Left Arm.CFrame = CFrame.new(0.0309573, 0.0339753, 0.529693, 0.940076, -0.285277, 0.186747, -0.21588, -0.0740521, 0.973608, -0.263919, -0.95558, -0.1312)
    Head.CFrame = CFrame.new(0.00563259, -0.00377043, 0.00218332, 0.986686, -0.0106084, -0.162292, 0.0471233, 0.973714, 0.222847, 0.155662, -0.227528, 0.961249)
    Right Leg.CFrame = CFrame.new(0.072665, -0.205556, 0.112916, 0.688512, -0.42256, -0.589402, -0.12553, 0.731009, -0.670722, 0.714278, 0.535788, 0.450265)

[42]
    Time: 1.366667
    HumanoidRootPart.CFrame = CFrame.new(0, 0, 0, 1, 0, 0, 0, 1, 0, 0, 0, 1)
    Torso.CFrame = CFrame.new(0.0139532, -0.216555, -0.103899, 0.998066, -0.0337122, -0.0522218, 0.0118262, 0.927789, -0.372918, 0.0610227, 0.37158, 0.926394)
    Left Leg.CFrame = CFrame.new(-0.166279, -0.404606, 0.0595726, 0.662023, -0.115074, 0.740597, 0.587647, 0.693012, -0.417619, -0.465185, 0.711683, 0.526413)
    Right Arm.CFrame = CFrame.new(-0.0230174, 0.0431415, 0.541294, 0.939034, 0.287166, -0.189078, 0.225148, -0.0979629, 0.969387, 0.259852, -0.952858, -0.156645)
    Left Arm.CFrame = CFrame.new(0.0309573, 0.0339753, 0.529693, 0.940076, -0.285277, 0.186747, -0.21588, -0.0740521, 0.973608, -0.263919, -0.95558, -0.1312)
    Head.CFrame = CFrame.new(0.00563259, -0.00377043, 0.00218332, 0.986686, -0.0106084, -0.162292, 0.0471233, 0.973714, 0.222847, 0.155662, -0.227528, 0.961249)
    Right Leg.CFrame = CFrame.new(0.072665, -0.205556, 0.112916, 0.688512, -0.42256, -0.589402, -0.12553, 0.731009, -0.670722, 0.714278, 0.535788, 0.450265)

[43]
    Time: 1.400000
    HumanoidRootPart.CFrame = CFrame.new(0, 0, 0, 1, 0, 0, 0, 1, 0, 0, 0, 1)
    Torso.CFrame = CFrame.new(0.0139532, -0.216555, -0.103899, 0.998066, -0.0337122, -0.0522218, 0.0118262, 0.927789, -0.372918, 0.0610227, 0.37158, 0.926394)
    Left Leg.CFrame = CFrame.new(-0.166279, -0.404606, 0.0595726, 0.662023, -0.115074, 0.740597, 0.587647, 0.693012, -0.417619, -0.465185, 0.711683, 0.526413)
    Right Arm.CFrame = CFrame.new(-0.0230174, 0.0431415, 0.541294, 0.939034, 0.287166, -0.189078, 0.225148, -0.0979629, 0.969387, 0.259852, -0.952858, -0.156645)
    Left Arm.CFrame = CFrame.new(0.0309573, 0.0339753, 0.529693, 0.940076, -0.285277, 0.186747, -0.21588, -0.0740521, 0.973608, -0.263919, -0.95558, -0.1312)
    Head.CFrame = CFrame.new(0.00563259, -0.00377043, 0.00218332, 0.986686, -0.0106084, -0.162292, 0.0471233, 0.973714, 0.222847, 0.155662, -0.227528, 0.961249)
    Right Leg.CFrame = CFrame.new(0.072665, -0.205556, 0.112916, 0.688512, -0.42256, -0.589402, -0.12553, 0.731009, -0.670722, 0.714278, 0.535788, 0.450265)

[44]
    Time: 1.433333
    HumanoidRootPart.CFrame = CFrame.new(0, 0, 0, 1, 0, 0, 0, 1, 0, 0, 0, 1)
    Torso.CFrame = CFrame.new(0.0139532, -0.216555, -0.103899, 0.998066, -0.0337122, -0.0522218, 0.0118262, 0.927789, -0.372918, 0.0610227, 0.37158, 0.926394)
    Left Leg.CFrame = CFrame.new(-0.166279, -0.404606, 0.0595726, 0.662023, -0.115074, 0.740597, 0.587647, 0.693012, -0.417619, -0.465185, 0.711683, 0.526413)
    Right Arm.CFrame = CFrame.new(-0.0230174, 0.0431415, 0.541294, 0.939034, 0.287166, -0.189078, 0.225148, -0.0979629, 0.969387, 0.259852, -0.952858, -0.156645)
    Left Arm.CFrame = CFrame.new(0.0309573, 0.0339753, 0.529693, 0.940076, -0.285277, 0.186747, -0.21588, -0.0740521, 0.973608, -0.263919, -0.95558, -0.1312)
    Head.CFrame = CFrame.new(0.00563259, -0.00377043, 0.00218332, 0.986686, -0.0106084, -0.162292, 0.0471233, 0.973714, 0.222847, 0.155662, -0.227528, 0.961249)
    Right Leg.CFrame = CFrame.new(0.072665, -0.205556, 0.112916, 0.688512, -0.42256, -0.589402, -0.12553, 0.731009, -0.670722, 0.714278, 0.535788, 0.450265)

[45]
    Time: 1.466667
    HumanoidRootPart.CFrame = CFrame.new(0, 0, 0, 1, 0, 0, 0, 1, 0, 0, 0, 1)
    Torso.CFrame = CFrame.new(0.0139532, -0.216555, -0.103899, 0.998066, -0.0337122, -0.0522218, 0.0118262, 0.927789, -0.372918, 0.0610227, 0.37158, 0.926394)
    Left Leg.CFrame = CFrame.new(-0.166279, -0.404606, 0.0595726, 0.662023, -0.115074, 0.740597, 0.587647, 0.693012, -0.417619, -0.465185, 0.711683, 0.526413)
    Right Arm.CFrame = CFrame.new(-0.0230174, 0.0431415, 0.541294, 0.939034, 0.287166, -0.189078, 0.225148, -0.0979629, 0.969387, 0.259852, -0.952858, -0.156645)
    Left Arm.CFrame = CFrame.new(0.0309573, 0.0339753, 0.529693, 0.940076, -0.285277, 0.186747, -0.21588, -0.0740521, 0.973608, -0.263919, -0.95558, -0.1312)
    Head.CFrame = CFrame.new(0.00563259, -0.00377043, 0.00218332, 0.986686, -0.0106084, -0.162292, 0.0471233, 0.973714, 0.222847, 0.155662, -0.227528, 0.961249)
    Right Leg.CFrame = CFrame.new(0.072665, -0.205556, 0.112916, 0.688512, -0.42256, -0.589402, -0.12553, 0.731009, -0.670722, 0.714278, 0.535788, 0.450265)

[46]
    Time: 1.500000
    HumanoidRootPart.CFrame = CFrame.new(0, 0, 0, 1, 0, 0, 0, 1, 0, 0, 0, 1)
    Torso.CFrame = CFrame.new(0.0139532, -0.216555, -0.103899, 0.998066, -0.0337122, -0.0522218, 0.0118262, 0.927789, -0.372918, 0.0610227, 0.37158, 0.926394)
    Left Leg.CFrame = CFrame.new(-0.166279, -0.404606, 0.0595726, 0.662023, -0.115074, 0.740597, 0.587647, 0.693012, -0.417619, -0.465185, 0.711683, 0.526413)
    Right Arm.CFrame = CFrame.new(-0.0230174, 0.0431415, 0.541294, 0.939034, 0.287166, -0.189078, 0.225148, -0.0979629, 0.969387, 0.259852, -0.952858, -0.156645)
    Left Arm.CFrame = CFrame.new(0.0309573, 0.0339753, 0.529693, 0.940076, -0.285277, 0.186747, -0.21588, -0.0740521, 0.973608, -0.263919, -0.95558, -0.1312)
    Head.CFrame = CFrame.new(0.00563259, -0.00377043, 0.00218332, 0.986686, -0.0106084, -0.162292, 0.0471233, 0.973714, 0.222847, 0.155662, -0.227528, 0.961249)
    Right Leg.CFrame = CFrame.new(0.072665, -0.205556, 0.112916, 0.688512, -0.42256, -0.589402, -0.12553, 0.731009, -0.670722, 0.714278, 0.535788, 0.450265)

[47]
    Time: 1.533333
    HumanoidRootPart.CFrame = CFrame.new(0, 0, 0, 1, 0, 0, 0, 1, 0, 0, 0, 1)
    Torso.CFrame = CFrame.new(-0.619055, -0.0824505, -0.138234, 0.723371, 0.688941, -0.0457556, -0.688741, 0.715313, -0.118163, -0.0486781, 0.11699, 0.991939)
    Left Leg.CFrame = CFrame.new(-0.6075, -0.0270917, 0.0811912, 0.898223, -0.379473, 0.2218, 0.390019, 0.920798, -0.0040883, -0.202681, 0.0901784, 0.975084)
    Right Arm.CFrame = CFrame.new(0.865937, 0.232355, -0.30728, -0.879166, 0.271885, 0.391339, -0.0307709, -0.851928, 0.522755, 0.475522, 0.447546, 0.757352)
    Left Arm.CFrame = CFrame.new(0.447335, -0.230583, 0.13557, 0.412682, 0.634945, -0.653099, -0.773523, 0.622909, 0.116818, 0.480994, 0.456978, 0.748208)
    Head.CFrame = CFrame.new(0.00509042, 0.0028619, 0.00185096, 0.948438, -0.286505, -0.135574, 0.269121, 0.953867, -0.133084, 0.167449, 0.0897363, 0.981788)
    Right Leg.CFrame = CFrame.new(0.669119, 0.239521, 0.402929, 0.854165, 0.263805, -0.448117, -0.341611, 0.93439, -0.101078, 0.392052, 0.239419, 0.888242)

[48]
    Time: 1.566667
    HumanoidRootPart.CFrame = CFrame.new(0, 0, 0, 1, 0, 0, 0, 1, 0, 0, 0, 1)
    Torso.CFrame = CFrame.new(-0.619055, -0.0824505, -0.138234, 0.723371, 0.688941, -0.0457556, -0.688741, 0.715313, -0.118163, -0.0486781, 0.11699, 0.991939)
    Left Leg.CFrame = CFrame.new(-0.6075, -0.0270917, 0.0811912, 0.898223, -0.379473, 0.2218, 0.390019, 0.920798, -0.0040883, -0.202681, 0.0901784, 0.975084)
    Right Arm.CFrame = CFrame.new(0.865937, 0.232355, -0.30728, -0.879166, 0.271885, 0.391339, -0.0307709, -0.851928, 0.522755, 0.475522, 0.447546, 0.757352)
    Left Arm.CFrame = CFrame.new(0.447335, -0.230583, 0.13557, 0.412682, 0.634945, -0.653099, -0.773523, 0.622909, 0.116818, 0.480994, 0.456978, 0.748208)
    Head.CFrame = CFrame.new(0.00509042, 0.0028619, 0.00185096, 0.948438, -0.286505, -0.135574, 0.269121, 0.953867, -0.133084, 0.167449, 0.0897363, 0.981788)
    Right Leg.CFrame = CFrame.new(0.669119, 0.239521, 0.402929, 0.854165, 0.263805, -0.448117, -0.341611, 0.93439, -0.101078, 0.392052, 0.239419, 0.888242)

[49]
    Time: 1.600000
    HumanoidRootPart.CFrame = CFrame.new(0, 0, 0, 1, 0, 0, 0, 1, 0, 0, 0, 1)
    Torso.CFrame = CFrame.new(-0.61158, -0.0824506, -0.105025, 0.722678, 0.690402, -0.0328734, -0.688741, 0.715313, -0.118164, -0.0580656, 0.108035, 0.99245)
    Left Leg.CFrame = CFrame.new(-0.527132, -0.0223078, 0.0689436, 0.912625, -0.342353, 0.223403, 0.349582, 0.936875, 0.00763241, -0.211914, 0.0711322, 0.974696)
    Right Arm.CFrame = CFrame.new(0.86896, 0.245243, -0.306061, -0.874605, 0.302093, 0.379218, -0.0532455, -0.837273, 0.544187, 0.481904, 0.455757, 0.748368)
    Left Arm.CFrame = CFrame.new(0.444888, -0.218413, 0.132126, 0.452909, 0.601859, -0.657753, -0.724095, 0.678739, 0.122472, 0.520154, 0.420808, 0.74321)
    Head.CFrame = CFrame.new(0.00524074, 0.00301762, 0.00191772, 0.946418, -0.288828, -0.14447, 0.269028, 0.952597, -0.142067, 0.178655, 0.0955887, 0.979258)
    Right Leg.CFrame = CFrame.new(0.634627, 0.222597, 0.383023, 0.861986, 0.237503, -0.447852, -0.314935, 0.943178, -0.105978, 0.397235, 0.232396, 0.887805)

[50]
    Time: 1.633333
    HumanoidRootPart.CFrame = CFrame.new(0, 0, 0, 1, 0, 0, 0, 1, 0, 0, 0, 1)
    Torso.CFrame = CFrame.new(-0.61158, -0.0824506, -0.105025, 0.722678, 0.690402, -0.0328734, -0.688741, 0.715313, -0.118164, -0.0580656, 0.108035, 0.99245)
    Left Leg.CFrame = CFrame.new(-0.527132, -0.0223078, 0.0689436, 0.912625, -0.342353, 0.223403, 0.349582, 0.936875, 0.00763241, -0.211914, 0.0711322, 0.974696)
    Right Arm.CFrame = CFrame.new(0.86896, 0.245243, -0.306061, -0.874605, 0.302093, 0.379218, -0.0532455, -0.837273, 0.544187, 0.481904, 0.455757, 0.748368)
    Left Arm.CFrame = CFrame.new(0.444888, -0.218413, 0.132126, 0.452909, 0.601859, -0.657753, -0.724095, 0.678739, 0.122472, 0.520154, 0.420808, 0.74321)
    Head.CFrame = CFrame.new(0.00524074, 0.00301762, 0.00191772, 0.946418, -0.288828, -0.14447, 0.269028, 0.952597, -0.142067, 0.178655, 0.0955887, 0.979258)
    Right Leg.CFrame = CFrame.new(0.634627, 0.222597, 0.383023, 0.861986, 0.237503, -0.447852, -0.314935, 0.943178, -0.105978, 0.397235, 0.232396, 0.887805)

[51]
    Time: 1.666667
    HumanoidRootPart.CFrame = CFrame.new(0, 0, 0, 1, 0, 0, 0, 1, 0, 0, 0, 1)
    Torso.CFrame = CFrame.new(-0.606112, -0.0824506, -0.0939717, 0.722094, 0.691397, -0.0234482, -0.688741, 0.715313, -0.118163, -0.064925, 0.101475, 0.992717)
    Left Leg.CFrame = CFrame.new(-0.495386, -0.0182465, 0.066087, 0.916261, -0.331784, 0.224467, 0.336975, 0.941379, 0.0159364, -0.216596, 0.0610381, 0.974351)
    Right Arm.CFrame = CFrame.new(0.870278, 0.251217, -0.305938, -0.871614, 0.317064, 0.373843, -0.064728, -0.830412, 0.553378, 0.4859, 0.458134, 0.744322)
    Left Arm.CFrame = CFrame.new(0.444183, -0.205424, 0.130189, 0.491472, 0.565408, -0.662396, -0.669652, 0.731624, 0.127643, 0.556795, 0.380842, 0.738199)
    Head.CFrame = CFrame.new(0.00534998, 0.00313111, 0.00196803, 0.944875, -0.29056, -0.150951, 0.268893, 0.951633, -0.148631, 0.186837, 0.0998479, 0.977304)
    Right Leg.CFrame = CFrame.new(0.621541, 0.203638, 0.373525, 0.862633, 0.235623, -0.4476, -0.314165, 0.943088, -0.109017, 0.39644, 0.234662, 0.887564)

[52]
    Time: 1.700000
    HumanoidRootPart.CFrame = CFrame.new(0, 0, 0, 1, 0, 0, 0, 1, 0, 0, 0, 1)
    Torso.CFrame = CFrame.new(-0.606112, -0.0824506, -0.0939717, 0.722094, 0.691397, -0.0234482, -0.688741, 0.715313, -0.118163, -0.064925, 0.101475, 0.992717)
    Left Leg.CFrame = CFrame.new(-0.495386, -0.0182465, 0.066087, 0.916261, -0.331784, 0.224467, 0.336975, 0.941379, 0.0159364, -0.216596, 0.0610381, 0.974351)
    Right Arm.CFrame = CFrame.new(0.870278, 0.251217, -0.305938, -0.871614, 0.317064, 0.373843, -0.064728, -0.830412, 0.553378, 0.4859, 0.458134, 0.744322)
    Left Arm.CFrame = CFrame.new(0.444183, -0.205424, 0.130189, 0.491472, 0.565408, -0.662396, -0.669652, 0.731624, 0.127643, 0.556795, 0.380842, 0.738199)
    Head.CFrame = CFrame.new(0.00534998, 0.00313111, 0.00196803, 0.944875, -0.29056, -0.150951, 0.268893, 0.951633, -0.148631, 0.186837, 0.0998479, 0.977304)
    Right Leg.CFrame = CFrame.new(0.621541, 0.203638, 0.373525, 0.862633, 0.235623, -0.4476, -0.314165, 0.943088, -0.109017, 0.39644, 0.234662, 0.887564)

[53]
    Time: 1.733333
    HumanoidRootPart.CFrame = CFrame.new(0, 0, 0, 1, 0, 0, 0, 1, 0, 0, 0, 1)
    Torso.CFrame = CFrame.new(-0.602587, -0.0824506, -0.0786633, 0.721683, 0.692005, -0.0173694, -0.688741, 0.715313, -0.118163, -0.0693451, 0.0972396, 0.992842)
    Left Leg.CFrame = CFrame.new(-0.451267, -0.0153188, 0.0586783, 0.923388, -0.310891, 0.225168, 0.314309, 0.949078, 0.0214542, -0.220372, 0.0509616, 0.974084)
    Right Arm.CFrame = CFrame.new(0.871328, 0.262678, -0.296172, -0.881772, 0.312057, 0.353693, -0.0511853, -0.808742, 0.585933, 0.468891, 0.498555, 0.729098)
    Left Arm.CFrame = CFrame.new(0.449636, -0.193905, 0.134228, 0.513683, 0.543102, -0.664206, -0.635625, 0.760877, 0.130568, 0.576291, 0.355116, 0.736058)
    Head.CFrame = CFrame.new(0.00542022, 0.00320433, 0.002002, 0.94385, -0.291692, -0.15512, 0.268778, 0.950995, -0.15286, 0.192107, 0.102585, 0.975998)
    Right Leg.CFrame = CFrame.new(0.604645, 0.209799, 0.365295, 0.868876, 0.211899, -0.447385, -0.289005, 0.950881, -0.110909, 0.401909, 0.225663, 0.887438)

[54]
    Time: 1.766667
    HumanoidRootPart.CFrame = CFrame.new(0, 0, 0, 1, 0, 0, 0, 1, 0, 0, 0, 1)
    Torso.CFrame = CFrame.new(-0.602587, -0.0824506, -0.0786633, 0.721683, 0.692005, -0.0173694, -0.688741, 0.715313, -0.118163, -0.0693451, 0.0972396, 0.992842)
    Left Leg.CFrame = CFrame.new(-0.451267, -0.0153188, 0.0586783, 0.923388, -0.310891, 0.225168, 0.314309, 0.949078, 0.0214542, -0.220372, 0.0509616, 0.974084)
    Right Arm.CFrame = CFrame.new(0.871328, 0.262678, -0.296172, -0.881772, 0.312057, 0.353693, -0.0511853, -0.808742, 0.585933, 0.468891, 0.498555, 0.729098)
    Left Arm.CFrame = CFrame.new(0.449636, -0.193905, 0.134228, 0.513683, 0.543102, -0.664206, -0.635625, 0.760877, 0.130568, 0.576291, 0.355116, 0.736058)
    Head.CFrame = CFrame.new(0.00542022, 0.00320433, 0.002002, 0.94385, -0.291692, -0.15512, 0.268778, 0.950995, -0.15286, 0.192107, 0.102585, 0.975998)
    Right Leg.CFrame = CFrame.new(0.604645, 0.209799, 0.365295, 0.868876, 0.211899, -0.447385, -0.289005, 0.950881, -0.110909, 0.401909, 0.225663, 0.887438)

[55]
    Time: 1.800000
    HumanoidRootPart.CFrame = CFrame.new(0, 0, 0, 1, 0, 0, 0, 1, 0, 0, 0, 1)
    Torso.CFrame = CFrame.new(-0.597406, -0.0824576, -0.0635202, 0.72139, 0.692402, -0.0132587, -0.688741, 0.715313, -0.118163, -0.0723325, 0.0943738, 0.992906)
    Left Leg.CFrame = CFrame.new(-0.404733, -0.0133758, 0.049713, 0.931335, -0.28579, 0.225698, 0.28799, 0.957337, 0.0238455, -0.222884, 0.0427906, 0.973906)
    Right Arm.CFrame = CFrame.new(0.871308, 0.276107, -0.282234, -0.898447, 0.293048, 0.326979, -0.0266626, -0.779726, 0.625553, 0.438272, 0.553308, 0.708356)
    Left Arm.CFrame = CFrame.new(0.45157, -0.180306, 0.134648, 0.54627, 0.5048, -0.668405, -0.578622, 0.804409, 0.134622, 0.605628, 0.313214, 0.731513)
    Head.CFrame = CFrame.new(0.00546756, 0.00325382, 0.00202525, 0.943145, -0.292464, -0.157934, 0.268686, 0.950557, -0.155719, 0.195667, 0.104431, 0.975094)
    Right Leg.CFrame = CFrame.new(0.580265, 0.223657, 0.354366, 0.876955, 0.175492, -0.447385, -0.249399, 0.961957, -0.111528, 0.410793, 0.209383, 0.88736)

[56]
    Time: 1.833333
    HumanoidRootPart.CFrame = CFrame.new(0, 0, 0, 1, 0, 0, 0, 1, 0, 0, 0, 1)
    Torso.CFrame = CFrame.new(-0.597406, -0.0824576, -0.0635202, 0.72139, 0.692402, -0.0132587, -0.688741, 0.715313, -0.118163, -0.0723325, 0.0943738, 0.992906)
    Left Leg.CFrame = CFrame.new(-0.404733, -0.0133758, 0.049713, 0.931335, -0.28579, 0.225698, 0.28799, 0.957337, 0.0238455, -0.222884, 0.0427906, 0.973906)
    Right Arm.CFrame = CFrame.new(0.871308, 0.276107, -0.282234, -0.898447, 0.293048, 0.326979, -0.0266626, -0.779726, 0.625553, 0.438272, 0.553308, 0.708356)
    Left Arm.CFrame = CFrame.new(0.45157, -0.180306, 0.134648, 0.54627, 0.5048, -0.668405, -0.578622, 0.804409, 0.134622, 0.605628, 0.313214, 0.731513)
    Head.CFrame = CFrame.new(0.00546756, 0.00325382, 0.00202525, 0.943145, -0.292464, -0.157934, 0.268686, 0.950557, -0.155719, 0.195667, 0.104431, 0.975094)
    Right Leg.CFrame = CFrame.new(0.580265, 0.223657, 0.354366, 0.876955, 0.175492, -0.447385, -0.249399, 0.961957, -0.111528, 0.410793, 0.209383, 0.88736)

[57]
    Time: 1.866667
    HumanoidRootPart.CFrame = CFrame.new(0, 0, 0, 1, 0, 0, 0, 1, 0, 0, 0, 1)
    Torso.CFrame = CFrame.new(-0.601025, -0.0824625, -0.0530422, 0.722053, 0.691461, -0.0228197, -0.688741, 0.715313, -0.118163, -0.0653821, 0.101037, 0.992732)
    Left Leg.CFrame = CFrame.new(-0.374822, -0.0181935, 0.0383493, 0.939495, -0.258481, 0.224803, 0.261932, 0.964972, 0.0148708, -0.220773, 0.0449121, 0.974291)
    Right Arm.CFrame = CFrame.new(0.869513, 0.288799, -0.266257, -0.918527, 0.259064, 0.298652, 0.00485087, -0.747956, 0.66373, 0.395327, 0.611103, 0.685762)
    Left Arm.CFrame = CFrame.new(0.453592, -0.168126, 0.135251, 0.573238, 0.468504, -0.672237, -0.524888, 0.839943, 0.137795, 0.629198, 0.27386, 0.7274)
    Head.CFrame = CFrame.new(0.0053573, 0.00313878, 0.00197136, 0.94477, -0.290677, -0.151383, 0.268883, 0.951568, -0.149069, 0.187382, 0.100131, 0.97717)
    Right Leg.CFrame = CFrame.new(0.554726, 0.246738, 0.348912, 0.879654, 0.142942, -0.453626, -0.211073, 0.972028, -0.103008, 0.426213, 0.18636, 0.885219)

[58]
    Time: 1.900000
    HumanoidRootPart.CFrame = CFrame.new(0, 0, 0, 1, 0, 0, 0, 1, 0, 0, 0, 1)
    Torso.CFrame = CFrame.new(-0.601025, -0.0824625, -0.0530422, 0.722053, 0.691461, -0.0228197, -0.688741, 0.715313, -0.118163, -0.0653821, 0.101037, 0.992732)
    Left Leg.CFrame = CFrame.new(-0.374822, -0.0181935, 0.0383493, 0.939495, -0.258481, 0.224803, 0.261932, 0.964972, 0.0148708, -0.220773, 0.0449121, 0.974291)
    Right Arm.CFrame = CFrame.new(0.869513, 0.288799, -0.266257, -0.918527, 0.259064, 0.298652, 0.00485087, -0.747956, 0.66373, 0.395327, 0.611103, 0.685762)
    Left Arm.CFrame = CFrame.new(0.453592, -0.168126, 0.135251, 0.573238, 0.468504, -0.672237, -0.524888, 0.839943, 0.137795, 0.629198, 0.27386, 0.7274)
    Head.CFrame = CFrame.new(0.0053573, 0.00313878, 0.00197136, 0.94477, -0.290677, -0.151383, 0.268883, 0.951568, -0.149069, 0.187382, 0.100131, 0.97717)
    Right Leg.CFrame = CFrame.new(0.554726, 0.246738, 0.348912, 0.879654, 0.142942, -0.453626, -0.211073, 0.972028, -0.103008, 0.426213, 0.18636, 0.885219)

[59]
    Time: 1.933333
    HumanoidRootPart.CFrame = CFrame.new(0, 0, 0, 1, 0, 0, 0, 1, 0, 0, 0, 1)
    Torso.CFrame = CFrame.new(-0.601025, -0.0824625, -0.0530422, 0.722053, 0.691461, -0.0228197, -0.688741, 0.715313, -0.118163, -0.0653821, 0.101037, 0.992732)
    Left Leg.CFrame = CFrame.new(-0.374822, -0.0181935, 0.0383493, 0.939495, -0.258481, 0.224803, 0.261932, 0.964972, 0.0148708, -0.220773, 0.0449121, 0.974291)
    Right Arm.CFrame = CFrame.new(0.869513, 0.288799, -0.266257, -0.918527, 0.259064, 0.298652, 0.00485087, -0.747956, 0.66373, 0.395327, 0.611103, 0.685762)
    Left Arm.CFrame = CFrame.new(0.453592, -0.168126, 0.135251, 0.573238, 0.468504, -0.672237, -0.524888, 0.839943, 0.137795, 0.629198, 0.27386, 0.7274)
    Head.CFrame = CFrame.new(0.0053573, 0.00313878, 0.00197136, 0.94477, -0.290677, -0.151383, 0.268883, 0.951568, -0.149069, 0.187382, 0.100131, 0.97717)
    Right Leg.CFrame = CFrame.new(0.554726, 0.246738, 0.348912, 0.879654, 0.142942, -0.453626, -0.211073, 0.972028, -0.103008, 0.426213, 0.18636, 0.885219)

[60]
    Time: 1.966667
    HumanoidRootPart.CFrame = CFrame.new(0, 0, 0, 1, 0, 0, 0, 1, 0, 0, 0, 1)
    Torso.CFrame = CFrame.new(-0.601025, -0.0824625, -0.0530422, 0.722053, 0.691461, -0.0228197, -0.688741, 0.715313, -0.118163, -0.0653821, 0.101037, 0.992732)
    Left Leg.CFrame = CFrame.new(-0.374822, -0.0181935, 0.0383493, 0.939495, -0.258481, 0.224803, 0.261932, 0.964972, 0.0148708, -0.220773, 0.0449121, 0.974291)
    Right Arm.CFrame = CFrame.new(0.869513, 0.288799, -0.266257, -0.918527, 0.259064, 0.298652, 0.00485087, -0.747956, 0.66373, 0.395327, 0.611103, 0.685762)
    Left Arm.CFrame = CFrame.new(0.453592, -0.168126, 0.135251, 0.573238, 0.468504, -0.672237, -0.524888, 0.839943, 0.137795, 0.629198, 0.27386, 0.7274)
    Head.CFrame = CFrame.new(0.0053573, 0.00313878, 0.00197136, 0.94477, -0.290677, -0.151383, 0.268883, 0.951568, -0.149069, 0.187382, 0.100131, 0.97717)
    Right Leg.CFrame = CFrame.new(0.554726, 0.246738, 0.348912, 0.879654, 0.142942, -0.453626, -0.211073, 0.972028, -0.103008, 0.426213, 0.18636, 0.885219)

[61]
    Time: 2.000000
    HumanoidRootPart.CFrame = CFrame.new(0, 0, 0, 1, 0, 0, 0, 1, 0, 0, 0, 1)
    Torso.CFrame = CFrame.new(0.0109421, -0.216555, -0.15419, 0.998066, -0.0337122, -0.0522218, 0.0118262, 0.927789, -0.372918, 0.0610227, 0.37158, 0.926394)
    Left Leg.CFrame = CFrame.new(-0.0504556, -0.366508, -0.0705485, 0.663081, -0.0825311, 0.743984, 0.553358, 0.723378, -0.412939, -0.504102, 0.685502, 0.525327)
    Right Arm.CFrame = CFrame.new(-0.0214143, -0.0218926, 0.498898, 0.96746, 0.148834, -0.204623, 0.208506, -0.0108036, 0.977961, 0.143343, -0.988803, -0.0414848)
    Left Arm.CFrame = CFrame.new(0.029295, -0.0301161, 0.489468, 0.968258, -0.146889, 0.202235, -0.202394, 0.0140265, 0.979204, -0.146671, -0.989054, -0.0161481)
    Head.CFrame = CFrame.new(0.00563258, -0.00377037, 0.0021832, 0.986686, -0.0106084, -0.162292, 0.0471233, 0.973714, 0.222847, 0.155662, -0.227528, 0.961249)
    Right Leg.CFrame = CFrame.new(0.0575883, -0.2258, 0.0806857, 0.688745, -0.404485, -0.601683, -0.161386, 0.723545, -0.671146, 0.706813, 0.559352, 0.43306)
