[1]
    Time: 0.000000
    HumanoidRootPart.CFrame = CFrame.new(0, 0, 0, 1, 0, 0, 0, 1, 0, 0, 0, 1)
    Torso.CFrame = CFrame.new(0.096968, -0.114476, -0.168659, 0.824701, -0.531562, 0.193158, 0.556908, 0.822783, -0.113497, -0.098597, 0.201173, 0.974581)
    Left Leg.CFrame = CFrame.new(-0.532034, 0.552037, 0.051525, 0.965186, 0.152345, 0.21262, -0.237189, 0.852436, 0.465934, -0.110262, -0.500144, 0.858894)
    Right Arm.CFrame = CFrame.new(-0.750179, -0.196324, -0.250417, 0.833476, -0.230461, -0.502201, 0.546329, 0.207648, 0.811423, -0.082721, -0.950668, 0.298977)
    Head.CFrame = CFrame.new(0, 0, 0, 0.984228, 0.078499, -0.158534, -0.027562, 0.953258, 0.300898, 0.174744, -0.291783, 0.940387)
    Left Arm.CFrame = CFrame.new(0.13107, -0.926491, 0.171449, -0.748666, 0.639996, 0.17293, -0.611106, -0.76735, 0.194225, 0.257001, 0.039731, 0.965594)
    Right Leg.CFrame = CFrame.new(-0.38023, 0.163822, -0.055918, 0.438052, 0.315823, -0.841645, -0.086838, 0.946742, 0.310063, 0.894746, -0.062736, 0.442147)

[2]
    Time: 0.100000
    HumanoidRootPart.CFrame = CFrame.new(0, 0, 0, 1, 0, 0, 0, 1, 0, 0, 0, 1)
    Torso.CFrame = CFrame.new(0.418054, -0.081102, -0.438637, 0.673499, -0.682891, 0.282947, 0.717277, 0.696269, -0.026893, -0.178642, 0.221064, 0.958758)
    Left Leg.CFrame = CFrame.new(-0.702286, 0.748712, -0.072262, 0.964753, 0.233659, 0.121057, -0.261484, 0.799398, 0.540915, 0.029617, -0.553504, 0.83232)
    Right Arm.CFrame = CFrame.new(-0.578446, 0.129699, -0.006049, 0.811946, 0.564822, -0.147375, -0.262553, 0.578859, 0.772003, 0.521354, -0.588131, 0.618298)
    Head.CFrame = CFrame.new(0, 0, 0, 0.853979, 0.460104, -0.242947, -0.393157, 0.876466, 0.277913, 0.340804, -0.141816, 0.929377)
    Left Arm.CFrame = CFrame.new(-0.004253, -0.975496, 0.398537, -0.900174, 0.343773, 0.267407, -0.242901, -0.905895, 0.346922, 0.361505, 0.247337, 0.898965)
    Right Leg.CFrame = CFrame.new(-0.44657, 0.088824, 0.009367, 0.509754, 0.525053, -0.68152, -0.176957, 0.839222, 0.514191, 0.841925, -0.141511, 0.520708)

[3]
    Time: 0.166667
    HumanoidRootPart.CFrame = CFrame.new(0, 0, 0, 1, 0, 0, 0, 1, 0, 0, 0, 1)
    Torso.CFrame = CFrame.new(0.387612, 0.002336, -0.278805, 0.648673, -0.689842, 0.321467, 0.73936, 0.671358, -0.051243, -0.18047, 0.27092, 0.945533)
    Left Leg.CFrame = CFrame.new(-0.620365, 0.590055, -0.001057, 0.904487, 0.406769, 0.128224, -0.41293, 0.759961, 0.501945, 0.10673, -0.50695, 0.855342)
    Right Arm.CFrame = CFrame.new(-0.637498, -0.10143, -0.05858, 0.667606, 0.692492, -0.273419, -0.451273, 0.668474, 0.591182, 0.592162, -0.27129, 0.758779)
    Head.CFrame = CFrame.new(0, -0, -0, 0.802573, 0.53346, -0.267014, -0.460477, 0.83854, 0.291226, 0.379259, -0.110777, 0.918635)
    Left Arm.CFrame = CFrame.new(-0.200746, -0.910503, 0.372692, -0.932448, 0.308747, 0.187659, -0.235094, -0.912871, 0.333762, 0.274357, 0.267099, 0.923789)
    Right Leg.CFrame = CFrame.new(-0.510424, -0.009527, -0.13186, 0.453495, 0.394384, -0.799252, -0.049525, 0.906533, 0.41922, 0.889882, -0.150531, 0.430641)

[4]
    Time: 0.233333
    HumanoidRootPart.CFrame = CFrame.new(0, 0, 0, 1, 0, 0, 0, 1, 0, 0, 0, 1)
    Torso.CFrame = CFrame.new(0.181933, 0.075535, 0.036312, 0.73145, -0.622394, 0.278579, 0.660925, 0.74763, -0.065023, -0.167804, 0.231681, 0.95821)
    Left Leg.CFrame = CFrame.new(-0.251509, 0.301258, 0.121586, 0.861246, 0.450191, 0.235761, -0.507387, 0.735706, 0.44866, 0.028532, -0.506028, 0.862045)
    Right Arm.CFrame = CFrame.new(-0.503053, -0.345185, 0.069076, 0.470613, 0.760658, -0.447127, -0.432353, 0.640546, 0.634643, 0.769152, -0.105354, 0.630322)
    Head.CFrame = CFrame.new(0, -0, -0, 0.849731, 0.453014, -0.269697, -0.411395, 0.889651, 0.198182, 0.329715, -0.057449, 0.942331)
    Left Arm.CFrame = CFrame.new(-0.262139, -0.830316, 0.319056, -0.906191, 0.395165, 0.150544, -0.330695, -0.884115, 0.330125, 0.263551, 0.249372, 0.931855)
    Right Leg.CFrame = CFrame.new(-0.26076, -0.068903, 0.063211, 0.465788, 0.277979, -0.840101, -0.121341, 0.960474, 0.250532, 0.876537, -0.014756, 0.481108)

[5]
    Time: 0.366667
    HumanoidRootPart.CFrame = CFrame.new(0, 0, 0, 1, 0, 0, 0, 1, 0, 0, 0, 1)
    Torso.CFrame = CFrame.new(-0.411249, 0.03962, 0.143239, 0.907377, -0.420029, -0.015585, 0.417856, 0.905448, -0.074561, 0.045429, 0.061143, 0.997095)
    Left Leg.CFrame = CFrame.new(0.252538, -0.094366, -0.160996, 0.75699, -0.435425, 0.487208, 0.43331, 0.892606, 0.124489, -0.48909, 0.116875, 0.864367)
    Right Arm.CFrame = CFrame.new(-0.442285, -0.254635, -0.156859, 0.642274, 0.519858, -0.563233, -0.136423, 0.800638, 0.583411, 0.754236, -0.297872, 0.58515)
    Head.CFrame = CFrame.new(0, 0, 0, 0.975012, 0.220495, -0.027073, -0.222029, 0.971253, -0.085851, 0.007365, 0.089717, 0.99594)
    Left Arm.CFrame = CFrame.new(-0.001622, -0.797123, 0.501416, -0.687199, 0.558389, 0.464715, -0.302591, -0.801567, 0.515684, 0.660452, 0.213759, 0.719799)
    Right Leg.CFrame = CFrame.new(0.174825, -0.186743, 0.085619, 0.64942, 0.034404, -0.759651, -0.304599, 0.927101, -0.218411, 0.696759, 0.37323, 0.612557)

[6]
    Time: 0.466667
    HumanoidRootPart.CFrame = CFrame.new(0, 0, 0, 1, 0, 0, 0, 1, 0, 0, 0, 1)
    Torso.CFrame = CFrame.new(-0.784911, 0.018685, -0.138818, 0.958527, -0.24036, -0.153146, 0.216243, 0.963378, -0.15856, 0.185649, 0.118867, 0.9754)
    Left Leg.CFrame = CFrame.new(0.284087, -0.169026, -0.25114, 0.600469, -0.45263, 0.659214, 0.603468, 0.797384, -0.00219, -0.524656, 0.39913, 0.751952)
    Right Arm.CFrame = CFrame.new(-0.418372, -0.26776, -0.052699, 0.986482, 0.105757, -0.125174, -0.047569, 0.915786, 0.398839, 0.156813, -0.387493, 0.908438)
    Head.CFrame = CFrame.new(0, -0, -0, 0.986871, 0.043757, 0.155472, -0.034866, 0.997621, -0.059464, -0.157704, 0.053263, 0.986049)
    Left Arm.CFrame = CFrame.new(0.399551, -0.662718, 0.30138, -0.124311, 0.913998, 0.386205, -0.649497, -0.369206, 0.664711, 0.750134, -0.168208, 0.639535)
    Right Leg.CFrame = CFrame.new(0.435099, -0.038363, 0.128702, 0.826006, 0.007256, -0.563615, -0.246053, 0.904259, -0.348962, 0.507122, 0.426923, 0.748708)

[7]
    Time: 0.566667
    HumanoidRootPart.CFrame = CFrame.new(0, 0, 0, 1, 0, 0, 0, 1, 0, 0, 0, 1)
    Torso.CFrame = CFrame.new(-1.21953, -0.004793, 0.086852, 0.915848, 0.244904, -0.31819, -0.312548, 0.932296, -0.182038, 0.252065, 0.266169, 0.930386)
    Left Leg.CFrame = CFrame.new(0.295188, -0.239947, -0.269607, 0.559077, -0.171914, 0.811097, 0.44723, 0.886276, -0.120421, -0.698153, 0.430071, 0.572382)
    Right Arm.CFrame = CFrame.new(-0.909115, -0.250786, 0.109584, 0.72255, -0.684756, 0.095025, 0.612465, 0.697811, 0.371411, -0.320636, -0.210163, 0.923593)
    Head.CFrame = CFrame.new(-0, -0, -0, 0.817708, -0.536117, 0.2096, 0.532854, 0.842723, 0.076712, -0.217761, 0.048959, 0.974773)
    Left Arm.CFrame = CFrame.new(0.23863, -0.285413, 0.123803, 0.814955, 0.548521, 0.187011, -0.457057, 0.409955, 0.789326, 0.356296, -0.72874, 0.584801)
    Right Leg.CFrame = CFrame.new(0.746208, 0.291362, -0.034295, 0.997322, 0.064967, 0.033581, -0.067996, 0.992788, 0.098736, -0.026925, -0.100755, 0.994547)

[8]
    Time: 0.666667
    HumanoidRootPart.CFrame = CFrame.new(0, 0, 0, 1, 0, 0, 0, 1, 0, 0, 0, 1)
    Torso.CFrame = CFrame.new(-1.59862, 0.010599, -0.212894, 0.714967, 0.573241, -0.400271, -0.662395, 0.73858, -0.125431, 0.22373, 0.354817, 0.907772)
    Left Leg.CFrame = CFrame.new(0.59966, -0.098466, -0.408477, 0.315903, -0.229045, 0.92073, 0.064463, 0.973363, 0.220022, -0.946599, -0.010153, 0.322253)
    Right Arm.CFrame = CFrame.new(-0.750867, -0.737014, 0.492739, -0.17788, -0.973915, 0.140886, 0.857183, -0.083033, 0.508275, -0.483319, 0.211177, 0.849593)
    Head.CFrame = CFrame.new(0, -0, -0, 0.452957, -0.863409, 0.222161, 0.868808, 0.48339, 0.107268, -0.200006, 0.144428, 0.969091)
    Left Arm.CFrame = CFrame.new(0.529187, -0.42514, -0.026263, 0.888963, -0.45397, 0.060473, 0.267004, 0.621011, 0.736922, -0.372095, -0.638949, 0.673268)
    Right Leg.CFrame = CFrame.new(0.669007, 0.757522, -0.100595, 0.934774, -0.355072, -0.011071, 0.251013, 0.638132, 0.72786, -0.251378, -0.683163, 0.685636)

[9]
    Time: 0.733333
    HumanoidRootPart.CFrame = CFrame.new(0, 0, 0, 1, 0, 0, 0, 1, 0, 0, 0, 1)
    Torso.CFrame = CFrame.new(-1.69473, 0.005617, -0.529911, 0.647276, 0.642081, -0.410811, -0.746019, 0.644259, -0.168482, 0.15649, 0.415527, 0.896018)
    Left Leg.CFrame = CFrame.new(0.291724, 0.018291, -0.094418, 0.566187, -0.397461, 0.72212, 0.198256, 0.916012, 0.348735, -0.800079, -0.054285, 0.597433)
    Right Arm.CFrame = CFrame.new(-0.383248, -0.841442, 0.617822, -0.575751, -0.809003, 0.118427, 0.70385, -0.416701, 0.575288, -0.416061, 0.414578, 0.809332)
    Head.CFrame = CFrame.new(-0, 0, 0, 0.334389, -0.911567, 0.239228, 0.918556, 0.37202, 0.133624, -0.210805, 0.175062, 0.961725)
    Left Arm.CFrame = CFrame.new(0.600038, -0.497693, -0.135086, 0.723728, -0.681374, 0.109303, 0.601649, 0.700591, 0.383654, -0.337989, -0.2119, 0.916986)
    Right Leg.CFrame = CFrame.new(0.801427, 1.04044, -0.435353, 0.936982, -0.348986, 0.016572, 0.227264, 0.64483, 0.729757, -0.265361, -0.680002, 0.683506)

[10]
    Time: 0.800000
    HumanoidRootPart.CFrame = CFrame.new(0, 0, 0, 1, 0, 0, 0, 1, 0, 0, 0, 1)
    Torso.CFrame = CFrame.new(-1.69288, -0.054406, -0.348932, 0.70912, 0.551965, -0.438729, -0.68413, 0.689202, -0.238679, 0.17063, 0.469399, 0.866343)
    Left Leg.CFrame = CFrame.new(0.202302, -0.077537, -0.056178, 0.633287, -0.245439, 0.733967, 0.105913, 0.966942, 0.231961, -0.766635, -0.069161, 0.638347)
    Right Arm.CFrame = CFrame.new(-0.205727, -0.858987, 0.60255, -0.703561, -0.70438, 0.094075, 0.616402, -0.53902, 0.574026, -0.353624, 0.46185, 0.813415)
    Head.CFrame = CFrame.new(0, 0, 0, 0.487122, -0.817754, 0.306578, 0.818721, 0.549788, 0.165618, -0.303987, 0.170326, 0.937326)
    Left Arm.CFrame = CFrame.new(0.635983, -0.437628, -0.206462, 0.759202, -0.643423, -0.098072, 0.624791, 0.762693, -0.167138, 0.18234, 0.065617, 0.981044)
    Right Leg.CFrame = CFrame.new(0.740173, 0.926054, -0.237152, 0.924942, -0.376447, -0.05263, 0.302122, 0.644067, 0.70278, -0.230663, -0.665931, 0.709458)

[11]
    Time: 0.866667
    HumanoidRootPart.CFrame = CFrame.new(0, 0, 0, 1, 0, 0, 0, 1, 0, 0, 0, 1)
    Torso.CFrame = CFrame.new(-1.52402, -0.051813, 0.065651, 0.827276, 0.459578, -0.323115, -0.534077, 0.821793, -0.19854, 0.174289, 0.336815, 0.925299)
    Left Leg.CFrame = CFrame.new(0.070508, -0.122143, 0.030383, 0.625756, -0.066915, 0.777143, 0.072458, 0.996992, 0.027502, -0.776646, 0.039101, 0.628723)
    Right Arm.CFrame = CFrame.new(-0.104008, -0.934745, 0.443358, -0.743227, -0.658328, 0.119236, 0.634339, -0.636747, 0.43837, -0.212668, 0.401444, 0.890851)
    Head.CFrame = CFrame.new(-0, -0, 0, 0.738264, -0.592514, 0.322325, 0.623029, 0.782125, 0.010736, -0.25846, 0.192892, 0.946568)
    Left Arm.CFrame = CFrame.new(0.654395, -0.314358, -0.246502, 0.714849, -0.485384, -0.503382, 0.311249, 0.865475, -0.392527, 0.626191, 0.123921, 0.769759)
    Right Leg.CFrame = CFrame.new(0.15077, 0.328864, 0.146791, 0.906737, -0.377895, -0.187144, 0.412718, 0.704174, 0.577756, -0.086549, -0.601111, 0.794465)

[12]
    Time: 0.933333
    HumanoidRootPart.CFrame = CFrame.new(0, 0, 0, 1, 0, 0, 0, 1, 0, 0, 0, 1)
    Torso.CFrame = CFrame.new(-1.10081, 0.049426, 0.21541, 0.931581, 0.301659, -0.202876, -0.322841, 0.943048, -0.080216, 0.167124, 0.140225, 0.975913)
    Left Leg.CFrame = CFrame.new(0.064241, -0.254828, -0.193431, 0.564958, 0.124978, 0.8156, 0.164544, 0.951544, -0.259787, -0.808547, 0.280971, 0.517018)
    Right Arm.CFrame = CFrame.new(-0.023715, -0.79894, 0.214, -0.728833, -0.654232, 0.201948, 0.68378, -0.680274, 0.263955, -0.035308, 0.330468, 0.943157)
    Head.CFrame = CFrame.new(0, -0, 0, 0.924868, -0.273005, 0.264739, 0.320533, 0.93424, -0.156376, -0.204639, 0.229485, 0.951557)
    Left Arm.CFrame = CFrame.new(0.682829, -0.247526, -0.293758, 0.690298, -0.407504, -0.597854, 0.23873, 0.908314, -0.343472, 0.683006, 0.094372, 0.724291)
    Right Leg.CFrame = CFrame.new(-0.019623, 0.078097, 0.131058, 0.794405, 0.355573, -0.492431, -0.213954, 0.922588, 0.321022, 0.568458, -0.149664, 0.808985)

[13]
    Time: 1.033333
    HumanoidRootPart.CFrame = CFrame.new(0, 0, 0, 1, 0, 0, 0, 1, 0, 0, 0, 1)
    Torso.CFrame = CFrame.new(-0.572331, 0.076952, -0.117943, 0.99983, 0.017333, -0.006379, -0.017444, 0.999689, -0.017816, 0.006068, 0.017924, 0.999821)
    Left Leg.CFrame = CFrame.new(-0.18481, -0.154256, 0.016422, 0.723303, -0.051943, 0.688575, 0.353889, 0.884145, -0.305042, -0.592955, 0.464316, 0.657886)
    Right Arm.CFrame = CFrame.new(-0.004222, -0.602793, 0.305655, -0.531088, -0.773742, 0.345353, 0.832183, -0.399621, 0.384414, -0.159428, 0.491554, 0.856129)
    Head.CFrame = CFrame.new(0, 0, 0, 0.982969, 0.157474, 0.094734, -0.138607, 0.973765, -0.180468, -0.120668, 0.164264, 0.979008)
    Left Arm.CFrame = CFrame.new(0.853827, -0.147692, -0.270224, 0.711419, -0.370848, -0.596954, 0.247467, 0.927222, -0.281103, 0.657756, 0.052255, 0.751417)
    Right Leg.CFrame = CFrame.new(-0.592737, 0.007843, -0.434269, 0.448885, 0.497296, -0.742427, -0.566866, 0.800735, 0.193615, 0.690771, 0.333946, 0.641339)

[14]
    Time: 1.100000
    HumanoidRootPart.CFrame = CFrame.new(0, 0, 0, 1, 0, 0, 0, 1, 0, 0, 0, 1)
    Torso.CFrame = CFrame.new(-0.239021, 0.026113, -0.110185, 0.980431, -0.1728, 0.094316, 0.176044, 0.984007, -0.027175, -0.088111, 0.043247, 0.995171)
    Left Leg.CFrame = CFrame.new(-0.339423, 0.077535, 0.135073, 0.819657, -0.192803, 0.539435, 0.301829, 0.945702, -0.120611, -0.48689, 0.261677, 0.833345)
    Right Arm.CFrame = CFrame.new(-0.133569, -0.583526, 0.418091, -0.322384, -0.873189, 0.365527, 0.855871, -0.103902, 0.506646, -0.404418, 0.476179, 0.780833)
    Head.CFrame = CFrame.new(0, -0, 0, 0.933173, 0.357646, 0.035759, -0.349347, 0.925896, -0.143784, -0.084533, 0.121683, 0.988963)
    Left Arm.CFrame = CFrame.new(0.869512, -0.149845, -0.213384, 0.783467, -0.184789, -0.593324, 0.161699, 0.982498, -0.092476, 0.600028, -0.023489, 0.799634)
    Right Leg.CFrame = CFrame.new(-0.411804, 0.026488, -0.214602, 0.351833, 0.490826, -0.797059, -0.577189, 0.784114, 0.228075, 0.73693, 0.379809, 0.559177)

[15]
    Time: 1.200000
    HumanoidRootPart.CFrame = CFrame.new(0, 0, 0, 1, 0, 0, 0, 1, 0, 0, 0, 1)
    Torso.CFrame = CFrame.new(0.195609, -0.142624, -0.077654, 0.869154, -0.426384, 0.250535, 0.470826, 0.86843, -0.15541, -0.151308, 0.253034, 0.955552)
    Left Leg.CFrame = CFrame.new(-0.361883, 0.518979, 0.14167, 0.90458, 0.157581, 0.39611, -0.327706, 0.851331, 0.409689, -0.272661, -0.500404, 0.821737)
    Right Arm.CFrame = CFrame.new(-0.728721, -0.436617, 0.141696, 0.626134, -0.767268, 0.138767, 0.611469, 0.593616, 0.523187, -0.483799, -0.242733, 0.840844)
    Head.CFrame = CFrame.new(0, 0, -0, 0.77344, 0.63386, 0.003475, -0.63337, 0.772602, 0.043916, 0.025152, -0.036167, 0.999029)
    Left Arm.CFrame = CFrame.new(0.993533, -0.20552, 0.147614, 0.629502, 0.670984, -0.391801, -0.462161, 0.728693, 0.505385, 0.624608, -0.137066, 0.768816)
    Right Leg.CFrame = CFrame.new(-0.272226, 0.10731, -0.037047, 0.457936, 0.24431, -0.854756, -0.131507, 0.969534, 0.206662, 0.879205, 0.017768, 0.476113)

[16]
    Time: 1.266667
    HumanoidRootPart.CFrame = CFrame.new(0, 0, 0, 1, 0, 0, 0, 1, 0, 0, 0, 1)
    Torso.CFrame = CFrame.new(0.453581, -0.186305, -0.416111, 0.790387, -0.463997, 0.399994, 0.569103, 0.7978, -0.19909, -0.226738, 0.384996, 0.894633)
    Left Leg.CFrame = CFrame.new(-0.686506, 1.02295, -0.117542, 0.961409, 0.136418, 0.238921, -0.255141, 0.766997, 0.588743, -0.102936, -0.626981, 0.772204)
    Right Arm.CFrame = CFrame.new(-0.429769, -0.361053, -0.042042, 0.989309, -0.031501, -0.142392, 0.109985, 0.802338, 0.586649, 0.095766, -0.596039, 0.797224)
    Head.CFrame = CFrame.new(0, -0, -0, 0.718315, 0.691994, -0.071887, -0.666128, 0.713897, 0.215928, 0.200741, -0.107219, 0.973759)
    Left Arm.CFrame = CFrame.new(0.843399, -0.428899, 0.084601, 0.117314, 0.986685, 0.112651, -0.629466, -0.013858, 0.776905, 0.768122, -0.162052, 0.619458)
    Right Leg.CFrame = CFrame.new(-0.280731, 0.09596, -0.022026, 0.608775, 0.257346, -0.750444, -0.074597, 0.960304, 0.268797, 0.789828, -0.107656, 0.603806)

[17]
    Time: 1.333333
    HumanoidRootPart.CFrame = CFrame.new(0, 0, 0, 1, 0, 0, 0, 1, 0, 0, 0, 1)
    Torso.CFrame = CFrame.new(0.558147, -0.191065, -0.494166, 0.702594, -0.504849, 0.501487, 0.656836, 0.731205, -0.184134, -0.27373, 0.458767, 0.845343)
    Left Leg.CFrame = CFrame.new(-0.688999, 1.17539, -0.204963, 0.939813, 0.219924, 0.261504, -0.336783, 0.72543, 0.600273, -0.057688, -0.652215, 0.755836)
    Right Arm.CFrame = CFrame.new(-0.525411, -0.317922, -0.119887, 0.86552, 0.299283, -0.401629, -0.002055, 0.803969, 0.594668, 0.500871, -0.513871, 0.696466)
    Head.CFrame = CFrame.new(0, 0, -0, 0.760731, 0.630516, -0.154074, -0.537707, 0.745153, 0.394485, 0.363537, -0.21725, 0.905893)
    Left Arm.CFrame = CFrame.new(0.509704, -0.666779, 0.320975, -0.308298, 0.825861, 0.47213, -0.295286, -0.554869, 0.77777, 0.9043, 0.100372, 0.41493)
    Right Leg.CFrame = CFrame.new(-0.323454, 0.011864, -0.092453, 0.564784, 0.234423, -0.791243, -0.101975, 0.971281, 0.214975, 0.818914, -0.040727, 0.572469)

[18]
    Time: 1.433333
    HumanoidRootPart.CFrame = CFrame.new(0, 0, 0, 1, 0, 0, 0, 1, 0, 0, 0, 1)
    Torso.CFrame = CFrame.new(0.385305, -0.030403, -0.027496, 0.69977, -0.58267, 0.413301, 0.688131, 0.705158, -0.170961, -0.191828, 0.404039, 0.894402)
    Left Leg.CFrame = CFrame.new(-0.58314, 0.617978, 0.046721, 0.885437, 0.411241, 0.216524, -0.46355, 0.747848, 0.47523, 0.033508, -0.521156, 0.852803)
    Right Arm.CFrame = CFrame.new(-0.851718, -0.137074, -0.373495, 0.777154, 0.421811, -0.467019, -0.126329, 0.831575, 0.540855, 0.6165, -0.36133, 0.699549)
    Head.CFrame = CFrame.new(0, -0, -0, 0.823446, 0.54872, -0.144371, -0.469116, 0.801537, 0.370768, 0.319167, -0.237581, 0.917436)
    Left Arm.CFrame = CFrame.new(-0.181083, -0.744201, 0.452532, -0.71996, 0.45032, 0.528081, -0.110373, -0.825517, 0.55348, 0.685183, 0.340198, 0.644042)
    Right Leg.CFrame = CFrame.new(-0.396687, -0.127761, -0.235902, 0.45997, 0.066504, -0.88544, 0.114942, 0.984341, 0.133643, 0.880463, -0.163246, 0.445124)

[19]
    Time: 1.500000
    HumanoidRootPart.CFrame = CFrame.new(0, 0, 0, 1, 0, 0, 0, 1, 0, 0, 0, 1)
    Torso.CFrame = CFrame.new(0.046184, 0.035008, 0.217687, 0.814712, -0.491766, 0.307262, 0.52986, 0.846613, -0.049948, -0.23557, 0.203499, 0.950313)
    Left Leg.CFrame = CFrame.new(-0.293025, 0.369921, 0.154102, 0.9293, -0.089462, 0.358327, -0.066144, 0.914218, 0.399788, -0.363355, -0.395224, 0.843665)
    Right Arm.CFrame = CFrame.new(-0.739144, -0.106682, -0.368937, 0.782037, 0.476085, -0.402195, -0.218165, 0.813628, 0.538901, 0.583799, -0.333696, 0.740152)
    Head.CFrame = CFrame.new(0, 0, 0, 0.907503, 0.354051, -0.226022, -0.326271, 0.933048, 0.151552, 0.264547, -0.063789, 0.962261)
    Left Arm.CFrame = CFrame.new(-0.159697, -0.730587, 0.448968, -0.683584, 0.484547, 0.545828, -0.138882, -0.82053, 0.554474, 0.716537, 0.303224, 0.628196)
    Right Leg.CFrame = CFrame.new(0.016594, -0.156183, 0.055802, 0.576337, 0.086584, -0.812613, -0.264226, 0.960705, -0.085036, 0.773318, 0.263723, 0.576567)

[20]
    Time: 1.566667
    HumanoidRootPart.CFrame = CFrame.new(0, 0, 0, 1, 0, 0, 0, 1, 0, 0, 0, 1)
    Torso.CFrame = CFrame.new(-0.210245, 0.028931, 0.125099, 0.924982, -0.331705, 0.185419, 0.351427, 0.932326, -0.08525, -0.144593, 0.144016, 0.978955)
    Left Leg.CFrame = CFrame.new(0.220433, -0.019415, -0.054407, 0.73239, -0.39604, 0.553856, 0.342845, 0.917293, 0.202559, -0.58827, 0.041535, 0.807597)
    Right Arm.CFrame = CFrame.new(-0.826463, 0.066051, -0.396666, 0.962206, 0.089296, -0.257266, 0.017908, 0.921917, 0.386972, 0.271733, -0.376954, 0.885475)
    Head.CFrame = CFrame.new(0, -0, 0, 0.968676, 0.202412, -0.143861, -0.193731, 0.978399, 0.072138, 0.155355, -0.042008, 0.986965)
    Left Arm.CFrame = CFrame.new(0.08587, -0.746328, 0.44129, -0.489587, 0.617924, 0.615204, -0.203348, -0.767004, 0.608568, 0.847912, 0.172846, 0.501169)
    Right Leg.CFrame = CFrame.new(0.245306, -0.28286, -0.085016, 0.717404, -0.022436, -0.696296, -0.323106, 0.874767, -0.361088, 0.617198, 0.484023, 0.620313)

[21]
    Time: 1.666667
    HumanoidRootPart.CFrame = CFrame.new(0, 0, 0, 1, 0, 0, 0, 1, 0, 0, 0, 1)
    Torso.CFrame = CFrame.new(-0.630639, 0.019015, -0.084145, 0.998221, -0.059601, 0.001367, 0.059077, 0.985835, -0.156969, 0.008008, 0.15677, 0.987603)
    Left Leg.CFrame = CFrame.new(0.40945, -0.128597, -0.259924, 0.502442, -0.366347, 0.783162, 0.511595, 0.856181, 0.072288, -0.69701, 0.364341, 0.617602)
    Right Arm.CFrame = CFrame.new(-1.11992, -0.116626, -0.14959, 0.755276, -0.65179, -0.068769, 0.646763, 0.724215, 0.239188, -0.106096, -0.22513, 0.968535)
    Head.CFrame = CFrame.new(0, 0, 0, 0.999884, 0.009431, 0.011983, -0.010438, 0.996155, 0.086981, -0.011116, -0.087096, 0.996138)
    Left Arm.CFrame = CFrame.new(0.402294, -0.630331, 0.252221, -0.049292, 0.915865, 0.39845, -0.59571, -0.347168, 0.724296, 0.801686, -0.201659, 0.562702)
    Right Leg.CFrame = CFrame.new(0.514432, -0.159033, -0.075279, 0.899248, 0.023013, -0.436833, -0.240238, 0.860519, -0.449213, 0.365566, 0.508898, 0.779349)

[22]
    Time: 1.766667
    HumanoidRootPart.CFrame = CFrame.new(0, 0, 0, 1, 0, 0, 0, 1, 0, 0, 0, 1)
    Torso.CFrame = CFrame.new(-1.16693, -0.004793, 0.103211, 0.928527, 0.259427, -0.265585, -0.312548, 0.932296, -0.182038, 0.200378, 0.252036, 0.946745)
    Left Leg.CFrame = CFrame.new(0.300552, -0.219386, -0.223265, 0.54814, -0.185637, 0.815526, 0.435177, 0.895981, -0.088544, -0.714258, 0.403432, 0.571907)
    Right Arm.CFrame = CFrame.new(-0.934664, -0.890315, 0.255244, -0.040817, -0.998456, 0.037685, 0.938159, -0.02532, 0.345279, -0.343791, 0.049448, 0.937743)
    Head.CFrame = CFrame.new(0, -0, -0, 0.934028, -0.313854, 0.170551, 0.263323, 0.927616, 0.264933, -0.241356, -0.202544, 0.949064)
    Left Arm.CFrame = CFrame.new(0.256781, -0.292613, 0.133644, 0.802655, 0.560874, 0.202894, -0.479779, 0.405057, 0.778294, 0.354341, -0.722045, 0.594216)
    Right Leg.CFrame = CFrame.new(0.726646, 0.234466, -0.049533, 0.997112, 0.066875, 0.035989, -0.068881, 0.995953, 0.057738, -0.031983, -0.06005, 0.997683)

[23]
    Time: 1.866667
    HumanoidRootPart.CFrame = CFrame.new(0, 0, 0, 1, 0, 0, 0, 1, 0, 0, 0, 1)
    Torso.CFrame = CFrame.new(-1.59862, 0.010599, -0.212894, 0.714967, 0.573241, -0.400271, -0.662395, 0.73858, -0.125431, 0.22373, 0.354817, 0.907772)
    Left Leg.CFrame = CFrame.new(0.59966, -0.098466, -0.408477, 0.315903, -0.229045, 0.92073, 0.064463, 0.973363, 0.220022, -0.946599, -0.010153, 0.322253)
    Right Arm.CFrame = CFrame.new(-0.429391, -0.932133, 0.446047, -0.372486, -0.914074, 0.160384, 0.865954, -0.280189, 0.414267, -0.333733, 0.293194, 0.895913)
    Head.CFrame = CFrame.new(0, -0, -0, 0.749243, -0.633613, 0.192792, 0.559315, 0.761236, 0.328156, -0.354684, -0.138037, 0.924741)
    Left Arm.CFrame = CFrame.new(0.529187, -0.42514, -0.026263, 0.888963, -0.45397, 0.060473, 0.267004, 0.621011, 0.736922, -0.372095, -0.638949, 0.673268)
    Right Leg.CFrame = CFrame.new(0.669007, 0.757522, -0.100595, 0.934774, -0.355072, -0.011071, 0.251013, 0.638132, 0.72786, -0.251378, -0.683163, 0.685636)

[24]
    Time: 1.933333
    HumanoidRootPart.CFrame = CFrame.new(0, 0, 0, 1, 0, 0, 0, 1, 0, 0, 0, 1)
    Torso.CFrame = CFrame.new(-1.69473, 0.005617, -0.529911, 0.647276, 0.642081, -0.410811, -0.746019, 0.644259, -0.168482, 0.15649, 0.415527, 0.896018)
    Left Leg.CFrame = CFrame.new(0.291724, 0.018291, -0.094418, 0.566187, -0.397461, 0.72212, 0.198256, 0.916012, 0.348735, -0.800079, -0.054285, 0.597433)
    Right Arm.CFrame = CFrame.new(-0.303439, -0.878146, 0.558224, -0.594512, -0.790157, 0.149022, 0.728584, -0.45095, 0.515567, -0.340177, 0.415086, 0.843791)
    Head.CFrame = CFrame.new(-0, 0, 0, 0.677168, -0.724245, 0.130051, 0.643366, 0.66853, 0.373025, -0.357104, -0.16893, 0.918662)
    Left Arm.CFrame = CFrame.new(0.600038, -0.497693, -0.135086, 0.723728, -0.681374, 0.109303, 0.601649, 0.700591, 0.383654, -0.337989, -0.2119, 0.916986)
    Right Leg.CFrame = CFrame.new(0.801427, 1.04044, -0.435353, 0.936982, -0.348986, 0.016572, 0.227264, 0.64483, 0.729757, -0.265361, -0.680002, 0.683506)

[25]
    Time: 2.000000
    HumanoidRootPart.CFrame = CFrame.new(0, 0, 0, 1, 0, 0, 0, 1, 0, 0, 0, 1)
    Torso.CFrame = CFrame.new(-1.69288, -0.054406, -0.348932, 0.70912, 0.551965, -0.438729, -0.68413, 0.689202, -0.238679, 0.17063, 0.469399, 0.866343)
    Left Leg.CFrame = CFrame.new(0.202302, -0.077537, -0.056178, 0.633287, -0.245439, 0.733967, 0.105913, 0.966942, 0.231961, -0.766635, -0.069161, 0.638347)
    Right Arm.CFrame = CFrame.new(-0.165517, -0.603427, 0.490116, -0.694377, -0.713156, 0.09617, 0.634239, -0.543372, 0.549989, -0.339972, 0.442895, 0.829617)
    Head.CFrame = CFrame.new(0, 0, 0, 0.668675, -0.732747, 0.126314, 0.627697, 0.647344, 0.432368, -0.398585, -0.209826, 0.892806)
    Left Arm.CFrame = CFrame.new(0.635983, -0.437628, -0.206462, 0.759202, -0.643423, -0.098072, 0.624791, 0.762693, -0.167138, 0.18234, 0.065617, 0.981044)
    Right Leg.CFrame = CFrame.new(0.740173, 0.926054, -0.237152, 0.924942, -0.376447, -0.05263, 0.302122, 0.644067, 0.70278, -0.230663, -0.665931, 0.709458)

[26]
    Time: 2.066667
    HumanoidRootPart.CFrame = CFrame.new(0, 0, 0, 1, 0, 0, 0, 1, 0, 0, 0, 1)
    Torso.CFrame = CFrame.new(-1.52402, -0.051813, 0.065651, 0.827276, 0.459578, -0.323115, -0.534077, 0.821793, -0.19854, 0.174289, 0.336815, 0.925299)
    Left Leg.CFrame = CFrame.new(0.070508, -0.122143, 0.030383, 0.625756, -0.066915, 0.777143, 0.072458, 0.996992, 0.027502, -0.776646, 0.039101, 0.628723)
    Right Arm.CFrame = CFrame.new(-0.074826, -0.544801, 0.176, -0.708927, -0.682883, 0.176332, 0.6992, -0.647733, 0.302591, -0.092418, 0.337807, 0.936667)
    Head.CFrame = CFrame.new(-0, -0, 0, 0.684111, -0.724443, 0.084702, 0.663874, 0.666559, 0.339073, -0.302098, -0.175732, 0.936939)
    Left Arm.CFrame = CFrame.new(0.654395, -0.314358, -0.246502, 0.714849, -0.485384, -0.503382, 0.311249, 0.865475, -0.392527, 0.626191, 0.123921, 0.769759)
    Right Leg.CFrame = CFrame.new(0.15077, 0.328864, 0.146791, 0.906737, -0.377895, -0.187144, 0.412718, 0.704174, 0.577756, -0.086549, -0.601111, 0.794465)

[27]
    Time: 2.133333
    HumanoidRootPart.CFrame = CFrame.new(0, 0, 0, 1, 0, 0, 0, 1, 0, 0, 0, 1)
    Torso.CFrame = CFrame.new(-1.10081, 0.049426, 0.21541, 0.931581, 0.301659, -0.202876, -0.322841, 0.943048, -0.080216, 0.167124, 0.140225, 0.975913)
    Left Leg.CFrame = CFrame.new(0.064241, -0.254828, -0.193431, 0.564958, 0.124978, 0.8156, 0.164544, 0.951544, -0.259787, -0.808547, 0.280971, 0.517018)
    Right Arm.CFrame = CFrame.new(0.010635, -0.62805, 0.084781, -0.729944, -0.643455, 0.230539, 0.68287, -0.701085, 0.20535, 0.029494, 0.307322, 0.951149)
    Head.CFrame = CFrame.new(0, -0, 0, 0.673391, -0.739287, 4.2e-05, 0.713873, 0.650257, 0.259906, -0.192172, -0.174989, 0.965634)
    Left Arm.CFrame = CFrame.new(0.682829, -0.247526, -0.293758, 0.690298, -0.407504, -0.597854, 0.23873, 0.908314, -0.343472, 0.683006, 0.094372, 0.724291)
    Right Leg.CFrame = CFrame.new(-0.019623, 0.078097, 0.131058, 0.794405, 0.355573, -0.492431, -0.213954, 0.922588, 0.321022, 0.568458, -0.149664, 0.808985)

[28]
    Time: 2.200000
    HumanoidRootPart.CFrame = CFrame.new(0, 0, 0, 1, 0, 0, 0, 1, 0, 0, 0, 1)
    Torso.CFrame = CFrame.new(-0.739697, 0.075701, -0.038222, 0.990513, 0.117289, -0.071604, -0.119808, 0.992283, -0.03194, 0.067305, 0.040216, 0.996922)
    Left Leg.CFrame = CFrame.new(-0.094208, -0.189822, -0.03064, 0.658503, 0.00967, 0.752516, 0.327953, 0.896295, -0.298499, -0.677363, 0.443352, 0.587042)
    Right Arm.CFrame = CFrame.new(0.206847, -0.654354, 0.298097, -0.793499, -0.571685, 0.208651, 0.598457, -0.670767, 0.438088, -0.110492, 0.472491, 0.874382)
    Head.CFrame = CFrame.new(0, -0, -0, 0.798659, -0.594369, -0.094179, 0.59864, 0.768717, 0.225177, -0.061441, -0.236219, 0.969755)
    Left Arm.CFrame = CFrame.new(0.804929, -0.177387, -0.282787, 0.69571, -0.392259, -0.601764, 0.243756, 0.916946, -0.315901, 0.6757, 0.073092, 0.733544)
    Right Leg.CFrame = CFrame.new(-0.656149, 0.014771, -0.460123, 0.578724, 0.44086, -0.686091, -0.459888, 0.871184, 0.171875, 0.673484, 0.216057, 0.706922)

[29]
    Time: 2.266667
    HumanoidRootPart.CFrame = CFrame.new(0, 0, 0, 1, 0, 0, 0, 1, 0, 0, 0, 1)
    Torso.CFrame = CFrame.new(-0.410655, 0.068672, -0.156355, 0.996474, -0.067755, 0.049481, 0.0683, 0.997621, -0.009411, -0.048725, 0.012757, 0.998731)
    Left Leg.CFrame = CFrame.new(-0.265783, -0.08157, 0.071701, 0.774201, -0.125625, 0.620348, 0.356891, 0.896083, -0.26394, -0.522726, 0.425739, 0.738582)
    Right Arm.CFrame = CFrame.new(0.07681, -0.662765, 0.393388, -0.591807, -0.73588, 0.329005, 0.769007, -0.393064, 0.504112, -0.241646, 0.551344, 0.798515)
    Head.CFrame = CFrame.new(0, -0, 0, 0.912623, -0.369294, -0.175332, 0.403404, 0.883007, 0.239927, 0.066216, -0.289692, 0.954827)
    Left Arm.CFrame = CFrame.new(0.921335, -0.104442, -0.217615, 0.748923, -0.283993, -0.598717, 0.196544, 0.958052, -0.208585, 0.632839, 0.03854, 0.773324)
    Right Leg.CFrame = CFrame.new(-0.534576, 0.02076, -0.361754, 0.368073, 0.527961, -0.765363, -0.615789, 0.755166, 0.224786, 0.696654, 0.388565, 0.603068)

[30]
    Time: 2.400000
    HumanoidRootPart.CFrame = CFrame.new(0, 0, 0, 1, 0, 0, 0, 1, 0, 0, 0, 1)
    Torso.CFrame = CFrame.new(0.195609, -0.142624, -0.077654, 0.869154, -0.426384, 0.250535, 0.470826, 0.86843, -0.15541, -0.151308, 0.253034, 0.955552)
    Left Leg.CFrame = CFrame.new(-0.361883, 0.518979, 0.14167, 0.90458, 0.157581, 0.39611, -0.327706, 0.851331, 0.409689, -0.272661, -0.500404, 0.821737)
    Right Arm.CFrame = CFrame.new(-0.728721, -0.436617, 0.141696, 0.626134, -0.767268, 0.138767, 0.611469, 0.593616, 0.523187, -0.483799, -0.242733, 0.840844)
    Head.CFrame = CFrame.new(0, 0, -0, 0.969768, 0.179876, -0.164909, -0.073506, 0.859707, 0.505471, 0.232696, -0.478067, 0.846938)
    Left Arm.CFrame = CFrame.new(0.993533, -0.20552, 0.147614, 0.629502, 0.670984, -0.391801, -0.462161, 0.728693, 0.505385, 0.624608, -0.137066, 0.768816)
    Right Leg.CFrame = CFrame.new(-0.272226, 0.10731, -0.037047, 0.457936, 0.24431, -0.854756, -0.131507, 0.969534, 0.206662, 0.879205, 0.017768, 0.476113)

[31]
    Time: 2.500000
    HumanoidRootPart.CFrame = CFrame.new(0, 0, 0, 1, 0, 0, 0, 1, 0, 0, 0, 1)
    Torso.CFrame = CFrame.new(0.519073, -0.21228, -0.513986, 0.736712, -0.49396, 0.4618, 0.621881, 0.763118, -0.175827, -0.265557, 0.416718, 0.869382)
    Left Leg.CFrame = CFrame.new(-0.692789, 1.16675, -0.206984, 0.956728, 0.143218, 0.2533, -0.273639, 0.738871, 0.615786, -0.098964, -0.658452, 0.746088)
    Right Arm.CFrame = CFrame.new(-0.374153, -0.367884, -0.065476, 0.891686, 0.234833, -0.386975, 0.055918, 0.791207, 0.608987, 0.449188, -0.564664, 0.692376)
    Head.CFrame = CFrame.new(0, -0, -0, 0.873089, 0.426717, -0.235858, -0.20111, 0.75587, 0.623069, 0.444152, -0.496561, 0.745759)
    Left Arm.CFrame = CFrame.new(0.726229, -0.558117, 0.108106, -0.08176, 0.938887, 0.334375, -0.505764, -0.328175, 0.797812, 0.858789, -0.103886, 0.501686)
    Right Leg.CFrame = CFrame.new(-0.247797, 0.078871, 0.009033, 0.59089, 0.311259, -0.74429, -0.178176, 0.950143, 0.255893, 0.786831, -0.01859, 0.616889)

[32]
    Time: 2.566667
    HumanoidRootPart.CFrame = CFrame.new(0, 0, 0, 1, 0, 0, 0, 1, 0, 0, 0, 1)
    Torso.CFrame = CFrame.new(0.552109, -0.113885, -0.372274, 0.697781, -0.514707, 0.498175, 0.661658, 0.72958, -0.172976, -0.274427, 0.450321, 0.849648)
    Left Leg.CFrame = CFrame.new(-0.683247, 1.01794, -0.101628, 0.919534, 0.301218, 0.252437, -0.392853, 0.722662, 0.568706, -0.011122, -0.622115, 0.782846)
    Right Arm.CFrame = CFrame.new(-0.504175, -0.284613, -0.172903, 0.596561, 0.526216, -0.60598, -0.010439, 0.760075, 0.649751, 0.8025, -0.381291, 0.458925)
    Head.CFrame = CFrame.new(0, -0, -0, 0.829378, 0.465803, -0.308479, -0.255387, 0.807178, 0.532204, 0.4969, -0.362617, 0.788416)
    Left Arm.CFrame = CFrame.new(0.191767, -0.715207, 0.475225, -0.515258, 0.646088, 0.563099, -0.136916, -0.710647, 0.690098, 0.846028, 0.278482, 0.454626)
    Right Leg.CFrame = CFrame.new(-0.415607, -0.046041, -0.234742, 0.546096, 0.135858, -0.826633, 0.03788, 0.981748, 0.186377, 0.836866, -0.133092, 0.530982)

[33]
    Time: 2.633333
    HumanoidRootPart.CFrame = CFrame.new(0, 0, 0, 1, 0, 0, 0, 1, 0, 0, 0, 1)
    Torso.CFrame = CFrame.new(0.385305, -0.007715, -0.023456, 0.69977, -0.58267, 0.413301, 0.683056, 0.715157, -0.148273, -0.209181, 0.386064, 0.898442)
    Left Leg.CFrame = CFrame.new(-0.57974, 0.623686, 0.050135, 0.893445, 0.3949, 0.214034, -0.447931, 0.747899, 0.489904, 0.033387, -0.533574, 0.845094)
    Right Arm.CFrame = CFrame.new(-0.579459, -0.324132, -0.177549, 0.272847, 0.716813, -0.641665, -0.055584, 0.677603, 0.733324, 0.96045, -0.164419, 0.224725)
    Head.CFrame = CFrame.new(0, 0, 0, 0.833415, 0.440127, -0.334227, -0.358286, 0.890763, 0.279595, 0.420774, -0.113269, 0.900066)
    Left Arm.CFrame = CFrame.new(-0.181083, -0.744201, 0.452532, -0.719961, 0.450319, 0.528081, -0.110373, -0.825517, 0.55348, 0.685182, 0.340197, 0.644042)
    Right Leg.CFrame = CFrame.new(-0.401873, -0.126127, -0.239275, 0.472939, 0.076645, -0.877755, 0.098389, 0.985385, 0.139056, 0.875585, -0.152126, 0.458486)

[34]
    Time: 2.700000
    HumanoidRootPart.CFrame = CFrame.new(0, 0, 0, 1, 0, 0, 0, 1, 0, 0, 0, 1)
    Torso.CFrame = CFrame.new(0.046184, 0.007093, 0.215808, 0.814712, -0.491766, 0.307262, 0.536556, 0.840265, -0.077862, -0.219892, 0.228299, 0.948434)
    Left Leg.CFrame = CFrame.new(-0.296384, 0.358884, 0.148348, 0.929541, -0.065506, 0.362853, -0.084447, 0.920113, 0.38244, -0.358919, -0.386135, 0.849751)
    Right Arm.CFrame = CFrame.new(-0.665223, -0.223337, -0.562466, 0.563799, 0.489068, -0.66554, 0.122677, 0.747296, 0.653069, 0.81675, -0.449846, 0.361327)
    Head.CFrame = CFrame.new(0, -0, 0, 0.921446, 0.194483, -0.336323, -0.266621, 0.946207, -0.183321, 0.282578, 0.258591, 0.923732)
    Left Arm.CFrame = CFrame.new(-0.159698, -0.730587, 0.448967, -0.683584, 0.484547, 0.545827, -0.138883, -0.82053, 0.554474, 0.716536, 0.303224, 0.628197)
    Right Leg.CFrame = CFrame.new(0.02837, -0.143719, 0.071733, 0.57274, 0.070339, -0.816713, -0.250391, 0.963707, -0.092594, 0.780559, 0.25753, 0.569566)

[35]
    Time: 2.800000
    HumanoidRootPart.CFrame = CFrame.new(0, 0, 0, 1, 0, 0, 0, 1, 0, 0, 0, 1)
    Torso.CFrame = CFrame.new(-0.342605, 0.036444, 0.008497, 0.96651, -0.222795, 0.127364, 0.236584, 0.965831, -0.105823, -0.099435, 0.132411, 0.986195)
    Left Leg.CFrame = CFrame.new(0.357112, -0.085186, -0.184977, 0.612859, -0.433208, 0.660859, 0.468979, 0.872514, 0.137037, -0.635974, 0.225945, 0.737893)
    Right Arm.CFrame = CFrame.new(-0.760701, -0.088487, -0.548899, 0.836403, -0.111793, -0.536593, 0.401641, 0.791179, 0.461217, 0.37298, -0.601281, 0.706645)
    Head.CFrame = CFrame.new(0, 0, -0, 0.995107, -0.080415, -0.057413, 0.036934, 0.841669, -0.538729, 0.091645, 0.533973, 0.84052)
    Left Arm.CFrame = CFrame.new(0.21408, -0.72338, 0.382205, -0.348659, 0.730919, 0.586681, -0.325924, -0.681447, 0.655289, 0.878755, 0.037259, 0.475817)
    Right Leg.CFrame = CFrame.new(0.381277, -0.232025, -0.053994, 0.800817, 0.009807, -0.598829, -0.321645, 0.850479, -0.416209, 0.50521, 0.525918, 0.684232)

[36]
    Time: 2.900000
    HumanoidRootPart.CFrame = CFrame.new(0, 0, 0, 1, 0, 0, 0, 1, 0, 0, 0, 1)
    Torso.CFrame = CFrame.new(-0.797585, -0.022847, -0.059675, 0.995253, -0.055215, -0.080142, 0.038203, 0.979032, -0.200092, 0.08951, 0.19608, 0.976494)
    Left Leg.CFrame = CFrame.new(0.325363, -0.171122, -0.237217, 0.574027, -0.334907, 0.747215, 0.506847, 0.862031, -0.003003, -0.643116, 0.380448, 0.664576)
    Right Arm.CFrame = CFrame.new(-0.89432, -0.231123, -0.30248, 0.667351, -0.658723, -0.347458, 0.742508, 0.55237, 0.378906, -0.057669, -0.510853, 0.857732)
    Head.CFrame = CFrame.new(0, -0, -0, 0.968334, -0.243412, 0.055501, 0.233764, 0.805936, -0.543895, 0.08766, 0.539646, 0.837316)
    Left Arm.CFrame = CFrame.new(0.421789, -0.569892, 0.178794, 0.14211, 0.939687, 0.311115, -0.705196, -0.12445, 0.698005, 0.694625, -0.31859, 0.644978)
    Right Leg.CFrame = CFrame.new(0.500594, -0.129798, -0.073195, 0.91637, -0.000871, -0.400331, -0.180468, 0.891726, -0.415038, 0.357347, 0.452575, 0.816994)

[37]
    Time: 2.966667
    HumanoidRootPart.CFrame = CFrame.new(0, 0, 0, 1, 0, 0, 0, 1, 0, 0, 0, 1)
    Torso.CFrame = CFrame.new(-1.16693, -0.004793, 0.103211, 0.928527, 0.259427, -0.265585, -0.312548, 0.932296, -0.182038, 0.200378, 0.252036, 0.946745)
    Left Leg.CFrame = CFrame.new(0.300552, -0.219386, -0.223265, 0.54814, -0.185637, 0.815526, 0.435177, 0.895981, -0.088544, -0.714258, 0.403432, 0.571907)
    Right Arm.CFrame = CFrame.new(-0.995364, -0.325091, -0.07871, 0.399815, -0.901469, -0.165835, 0.874961, 0.321446, 0.362098, -0.273114, -0.289871, 0.91727)
    Head.CFrame = CFrame.new(0, -0, -0, 0.845293, -0.455861, 0.278693, 0.534225, 0.712178, -0.45542, 0.009129, 0.533848, 0.845531)
    Left Arm.CFrame = CFrame.new(0.256781, -0.292613, 0.133644, 0.802655, 0.560874, 0.202894, -0.479779, 0.405057, 0.778294, 0.354341, -0.722045, 0.594216)
    Right Leg.CFrame = CFrame.new(0.726646, 0.234466, -0.049533, 0.997112, 0.066875, 0.035989, -0.068881, 0.995953, 0.057738, -0.031983, -0.06005, 0.997683)

[38]
    Time: 3.066667
    HumanoidRootPart.CFrame = CFrame.new(0, 0, 0, 1, 0, 0, 0, 1, 0, 0, 0, 1)
    Torso.CFrame = CFrame.new(-1.59862, 0.010599, -0.212894, 0.714967, 0.573241, -0.400271, -0.662395, 0.73858, -0.125431, 0.22373, 0.354817, 0.907772)
    Left Leg.CFrame = CFrame.new(0.59966, -0.098466, -0.408477, 0.315903, -0.229045, 0.92073, 0.064463, 0.973363, 0.220022, -0.946599, -0.010153, 0.322253)
    Right Arm.CFrame = CFrame.new(-0.862451, -0.545406, 0.369176, -0.195484, -0.975537, 0.100563, 0.878856, -0.128755, 0.459385, -0.435199, 0.178182, 0.882526)
    Head.CFrame = CFrame.new(0, -0, -0, 0.64114, -0.595761, 0.483745, 0.767269, 0.510304, -0.388444, -0.015437, 0.620209, 0.784285)
    Left Arm.CFrame = CFrame.new(0.529187, -0.42514, -0.026263, 0.888963, -0.45397, 0.060473, 0.267004, 0.621011, 0.736922, -0.372095, -0.638949, 0.673268)
    Right Leg.CFrame = CFrame.new(0.669007, 0.757522, -0.100595, 0.934774, -0.355072, -0.011071, 0.251013, 0.638132, 0.72786, -0.251378, -0.683163, 0.685636)

[39]
    Time: 3.133333
    HumanoidRootPart.CFrame = CFrame.new(0, 0, 0, 1, 0, 0, 0, 1, 0, 0, 0, 1)
    Torso.CFrame = CFrame.new(-1.69473, 0.005617, -0.529911, 0.647276, 0.642081, -0.410811, -0.746019, 0.644259, -0.168482, 0.15649, 0.415527, 0.896018)
    Left Leg.CFrame = CFrame.new(0.291724, 0.018291, -0.094418, 0.566187, -0.397461, 0.72212, 0.198256, 0.916012, 0.348735, -0.800079, -0.054285, 0.597433)
    Right Arm.CFrame = CFrame.new(-0.531777, -0.628584, 0.585069, -0.528984, -0.844965, 0.078811, 0.681458, -0.367596, 0.632841, -0.505758, 0.388469, 0.770261)
    Head.CFrame = CFrame.new(-0, 0, 0, 0.553442, -0.615455, 0.561175, 0.82172, 0.513441, -0.247294, -0.135932, 0.597992, 0.789891)
    Left Arm.CFrame = CFrame.new(0.600038, -0.497693, -0.135086, 0.723728, -0.681374, 0.109303, 0.601649, 0.700591, 0.383654, -0.337989, -0.2119, 0.916986)
    Right Leg.CFrame = CFrame.new(0.801427, 1.04044, -0.435353, 0.936982, -0.348986, 0.016572, 0.227264, 0.64483, 0.729757, -0.265361, -0.680002, 0.683506)

[40]
    Time: 3.200000
    HumanoidRootPart.CFrame = CFrame.new(0, 0, 0, 1, 0, 0, 0, 1, 0, 0, 0, 1)
    Torso.CFrame = CFrame.new(-1.69288, -0.054406, -0.348932, 0.70912, 0.551965, -0.438729, -0.68413, 0.689202, -0.238679, 0.17063, 0.469399, 0.866343)
    Left Leg.CFrame = CFrame.new(0.203479, -0.077429, -0.056592, 0.63171, -0.245209, 0.735401, 0.105415, 0.967014, 0.231885, -0.768004, -0.068962, 0.636721)
    Right Arm.CFrame = CFrame.new(-0.433344, -0.667535, 0.637952, -0.643652, -0.764023, 0.044511, 0.58853, -0.456951, 0.666955, -0.489229, 0.455483, 0.743767)
    Head.CFrame = CFrame.new(0, 0, 0, 0.662583, -0.5426, 0.516303, 0.704003, 0.686474, -0.182024, -0.255662, 0.484085, 0.836838)
    Left Arm.CFrame = CFrame.new(0.645924, -0.457964, -0.21855, 0.756419, -0.646535, -0.099107, 0.629197, 0.760635, -0.15983, 0.17872, 0.058541, 0.982157)
    Right Leg.CFrame = CFrame.new(0.740173, 0.926054, -0.237152, 0.924942, -0.376447, -0.05263, 0.302122, 0.644067, 0.70278, -0.230663, -0.665931, 0.709458)

[41]
    Time: 3.266667
    HumanoidRootPart.CFrame = CFrame.new(0, 0, 0, 1, 0, 0, 0, 1, 0, 0, 0, 1)
    Torso.CFrame = CFrame.new(-1.52402, -0.051813, 0.065651, 0.827276, 0.459578, -0.323115, -0.534077, 0.821793, -0.19854, 0.174289, 0.336815, 0.925299)
    Left Leg.CFrame = CFrame.new(0.074474, -0.122415, 0.029179, 0.620474, -0.066008, 0.781444, 0.072274, 0.997024, 0.026832, -0.78089, 0.03983, 0.623398)
    Right Arm.CFrame = CFrame.new(-0.415593, -0.739072, 0.584496, -0.683778, -0.728411, 0.043189, 0.596075, -0.52345, 0.608848, -0.420884, 0.442061, 0.79211)
    Head.CFrame = CFrame.new(-0, -0, 0, 0.821158, -0.401721, 0.405364, 0.537244, 0.783758, -0.311596, -0.192533, 0.473649, 0.859412)
    Left Arm.CFrame = CFrame.new(0.67263, -0.337992, -0.262138, 0.700486, -0.534403, -0.473004, 0.36465, 0.837744, -0.406467, 0.613474, 0.112244, 0.781698)
    Right Leg.CFrame = CFrame.new(0.15077, 0.328864, 0.146791, 0.906737, -0.377895, -0.187144, 0.412718, 0.704174, 0.577756, -0.086549, -0.601111, 0.794465)

[42]
    Time: 3.333333
    HumanoidRootPart.CFrame = CFrame.new(0, 0, 0, 1, 0, 0, 0, 1, 0, 0, 0, 1)
    Torso.CFrame = CFrame.new(-1.10081, 0.049426, 0.21541, 0.931581, 0.301659, -0.202876, -0.322841, 0.943048, -0.080216, 0.167124, 0.140225, 0.975913)
    Left Leg.CFrame = CFrame.new(0.066127, -0.254994, -0.194588, 0.561738, 0.125381, 0.817759, 0.165568, 0.951416, -0.259606, -0.810579, 0.281225, 0.513687)
    Right Arm.CFrame = CFrame.new(-0.337376, -0.809821, 0.493213, -0.696152, -0.716722, 0.041012, 0.62039, -0.571872, 0.53673, -0.361232, 0.399089, 0.842757)
    Head.CFrame = CFrame.new(0, -0, 0, 0.942289, -0.198187, 0.26984, 0.311276, 0.815381, -0.48812, -0.123284, 0.543944, 0.830015)
    Left Arm.CFrame = CFrame.new(0.67878, -0.181388, -0.125997, 0.780153, -0.014632, -0.625418, -0.065149, 0.99239, -0.104485, 0.622187, 0.122259, 0.773263)
    Right Leg.CFrame = CFrame.new(-0.019623, 0.078097, 0.131058, 0.794405, 0.355573, -0.492431, -0.213954, 0.922588, 0.321022, 0.568458, -0.149664, 0.808985)

[43]
    Time: 3.400000
    HumanoidRootPart.CFrame = CFrame.new(0, 0, 0, 1, 0, 0, 0, 1, 0, 0, 0, 1)
    Torso.CFrame = CFrame.new(-0.761713, 0.075701, -0.040048, 0.988784, 0.116372, -0.09362, -0.119808, 0.992283, -0.03194, 0.08918, 0.042798, 0.995096)
    Left Leg.CFrame = CFrame.new(-0.099102, -0.198849, -0.049904, 0.666595, 0.01136, 0.745333, 0.331015, 0.891379, -0.309632, -0.667892, 0.453116, 0.590429)
    Right Arm.CFrame = CFrame.new(-0.044924, -0.841484, 0.349783, -0.664005, -0.747728, -0.001072, 0.660028, -0.586797, 0.469077, -0.351371, 0.310762, 0.883157)
    Head.CFrame = CFrame.new(0, -0, 0, 0.99323, -0.042452, 0.108131, 0.09631, 0.821392, -0.562174, -0.064952, 0.568783, 0.819919)
    Left Arm.CFrame = CFrame.new(0.589739, -0.307288, -0.104486, 0.81848, 0.550926, -0.163006, -0.527394, 0.833, 0.167232, 0.227916, -0.050908, 0.972349)
    Right Leg.CFrame = CFrame.new(-0.654542, 0.014831, -0.447731, 0.583153, 0.439294, -0.683339, -0.449547, 0.875146, 0.178961, 0.676638, 0.202832, 0.707828)

[44]
    Time: 3.500000
    HumanoidRootPart.CFrame = CFrame.new(0, 0, 0, 1, 0, 0, 0, 1, 0, 0, 0, 1)
    Torso.CFrame = CFrame.new(-0.287517, 0.026113, -0.106776, 0.983555, -0.174698, 0.04582, 0.176044, 0.984007, -0.027175, -0.04034, 0.034795, 0.99858)
    Left Leg.CFrame = CFrame.new(-0.399206, 0.048879, 0.075885, 0.864712, -0.209398, 0.456537, 0.303986, 0.941759, -0.143817, -0.399833, 0.263142, 0.878004)
    Right Arm.CFrame = CFrame.new(-0.152411, -0.378099, 0.058652, 0.3066, -0.942921, -0.129986, 0.813952, 0.188934, 0.54935, -0.493435, -0.274234, 0.82542)
    Head.CFrame = CFrame.new(0, 0, -0, 0.985238, 0.128247, -0.1134, -0.170491, 0.794952, -0.582224, 0.015479, 0.592962, 0.805081)
    Left Arm.CFrame = CFrame.new(0.765096, -0.855021, -0.000141, -0.281174, 0.948221, 0.147709, -0.892228, -0.314979, 0.323602, 0.353371, -0.040801, 0.934593)
    Right Leg.CFrame = CFrame.new(-0.398839, 0.021291, -0.1937, 0.392666, 0.507152, -0.76721, -0.580396, 0.783761, 0.22104, 0.71341, 0.358491, 0.602105)

[45]
    Time: 3.566667
    HumanoidRootPart.CFrame = CFrame.new(0, 0, 0, 1, 0, 0, 0, 1, 0, 0, 0, 1)
    Torso.CFrame = CFrame.new(0.02093, -0.09656, -0.027539, 0.91837, -0.364921, 0.153067, 0.382277, 0.918084, -0.104815, -0.102279, 0.154773, 0.982642)
    Left Leg.CFrame = CFrame.new(-0.444556, 0.382005, 0.083942, 0.947288, -0.078428, 0.310637, -0.015899, 0.956874, 0.290068, -0.31999, -0.279716, 0.905188)
    Right Arm.CFrame = CFrame.new(-0.289828, -0.317471, -0.030883, 0.773344, -0.507494, -0.379986, 0.56312, 0.274494, 0.779454, -0.291264, -0.816764, 0.498058)
    Head.CFrame = CFrame.new(0, -0, 0, 0.938934, 0.219848, -0.264705, -0.328475, 0.801819, -0.49919, 0.1025, 0.555656, 0.82507)
    Left Arm.CFrame = CFrame.new(0.282768, -0.942453, 0.126171, -0.660149, 0.733722, 0.160796, -0.708373, -0.679333, 0.191609, 0.249822, 0.012586, 0.96821)
    Right Leg.CFrame = CFrame.new(-0.141391, 0.137261, 0.069148, 0.502218, 0.327924, -0.800152, -0.304014, 0.933195, 0.191633, 0.809538, 0.147016, 0.568361)

[46]
    Time: 3.633333
    HumanoidRootPart.CFrame = CFrame.new(0, 0, 0, 1, 0, 0, 0, 1, 0, 0, 0, 1)
    Torso.CFrame = CFrame.new(0.179435, -0.11057, -0.271638, 0.764902, -0.616021, 0.188263, 0.638363, 0.764014, -0.093678, -0.086128, 0.191835, 0.977641)
    Left Leg.CFrame = CFrame.new(-0.527518, 0.511439, 0.04488, 0.948561, 0.27582, 0.155418, -0.316414, 0.809413, 0.494705, 0.010652, -0.518434, 0.855051)
    Right Arm.CFrame = CFrame.new(-0.70394, 0.095788, -0.258842, 0.916222, 0.041739, -0.398492, 0.352158, 0.390486, 0.850591, 0.191108, -0.919662, 0.343073)
    Head.CFrame = CFrame.new(0, 0, -0, 0.819248, 0.393776, -0.416862, -0.554511, 0.729235, -0.400916, 0.14612, 0.559604, 0.815777)
    Left Arm.CFrame = CFrame.new(0.041353, -0.944514, 0.24471, -0.822759, 0.529637, 0.206284, -0.48201, -0.842483, 0.2406, 0.301221, 0.098525, 0.948451)
    Right Leg.CFrame = CFrame.new(-0.484707, 0.196217, -0.078441, 0.468449, 0.396378, -0.789582, -0.020312, 0.898303, 0.438906, 0.883257, -0.189567, 0.42886)

[47]
    Time: 3.700000
    HumanoidRootPart.CFrame = CFrame.new(0, 0, 0, 1, 0, 0, 0, 1, 0, 0, 0, 1)
    Torso.CFrame = CFrame.new(0.418054, -0.081102, -0.438637, 0.673499, -0.682891, 0.282947, 0.717277, 0.696269, -0.026893, -0.178642, 0.221064, 0.958758)
    Left Leg.CFrame = CFrame.new(-0.702286, 0.748712, -0.072262, 0.964753, 0.233659, 0.121057, -0.261484, 0.799398, 0.540915, 0.029617, -0.553504, 0.83232)
    Right Arm.CFrame = CFrame.new(-0.578446, 0.129699, -0.006049, 0.811946, 0.564822, -0.147375, -0.262553, 0.578859, 0.772003, 0.521354, -0.588131, 0.618298)
    Head.CFrame = CFrame.new(0, 0, 0, 0.764026, 0.359992, -0.535416, -0.585272, 0.735948, -0.340348, 0.271516, 0.573399, 0.772977)
    Left Arm.CFrame = CFrame.new(-0.004253, -0.975496, 0.398537, -0.900174, 0.343773, 0.267407, -0.242901, -0.905895, 0.346922, 0.361505, 0.247337, 0.898965)
    Right Leg.CFrame = CFrame.new(-0.44657, 0.088824, 0.009367, 0.509754, 0.525053, -0.68152, -0.176957, 0.839222, 0.514191, 0.841925, -0.141511, 0.520708)

[48]
    Time: 3.766667
    HumanoidRootPart.CFrame = CFrame.new(0, 0, 0, 1, 0, 0, 0, 1, 0, 0, 0, 1)
    Torso.CFrame = CFrame.new(0.387612, 0.002336, -0.278805, 0.648673, -0.689842, 0.321467, 0.73936, 0.671358, -0.051243, -0.18047, 0.27092, 0.945533)
    Left Leg.CFrame = CFrame.new(-0.620365, 0.590055, -0.001057, 0.904487, 0.406769, 0.128224, -0.41293, 0.759961, 0.501945, 0.10673, -0.50695, 0.855342)
    Right Arm.CFrame = CFrame.new(-0.637498, -0.101431, -0.058579, 0.667605, 0.692492, -0.273419, -0.451273, 0.668473, 0.591182, 0.592162, -0.27129, 0.758779)
    Head.CFrame = CFrame.new(0, -0, -0, 0.739782, 0.37976, -0.555433, -0.5891, 0.764413, -0.26198, 0.32509, 0.521014, 0.789215)
    Left Arm.CFrame = CFrame.new(-0.200746, -0.910503, 0.372692, -0.932448, 0.308747, 0.187659, -0.235094, -0.912871, 0.333763, 0.274357, 0.267099, 0.923789)
    Right Leg.CFrame = CFrame.new(-0.510424, -0.009527, -0.13186, 0.453496, 0.394384, -0.799252, -0.049525, 0.906533, 0.41922, 0.889881, -0.150531, 0.430641)

[49]
    Time: 3.833333
    HumanoidRootPart.CFrame = CFrame.new(0, 0, 0, 1, 0, 0, 0, 1, 0, 0, 0, 1)
    Torso.CFrame = CFrame.new(0.181933, 0.075535, 0.036312, 0.73145, -0.622394, 0.278579, 0.660925, 0.74763, -0.065023, -0.167804, 0.231681, 0.95821)
    Left Leg.CFrame = CFrame.new(-0.251509, 0.301258, 0.121586, 0.861246, 0.450191, 0.235761, -0.507387, 0.735706, 0.44866, 0.028532, -0.506028, 0.862045)
    Right Arm.CFrame = CFrame.new(-0.503053, -0.345185, 0.069076, 0.470613, 0.760658, -0.447127, -0.432353, 0.640546, 0.634643, 0.769152, -0.105354, 0.630322)
    Head.CFrame = CFrame.new(0, -0, -0, 0.799077, 0.346053, -0.491654, -0.518413, 0.810744, -0.271923, 0.304506, 0.472167, 0.827245)
    Left Arm.CFrame = CFrame.new(-0.262139, -0.830316, 0.319056, -0.906191, 0.395165, 0.150544, -0.330695, -0.884115, 0.330125, 0.263551, 0.249372, 0.931855)
    Right Leg.CFrame = CFrame.new(-0.26076, -0.068903, 0.063211, 0.465788, 0.277979, -0.840101, -0.121341, 0.960474, 0.250532, 0.876537, -0.014756, 0.481108)

[50]
    Time: 3.966667
    HumanoidRootPart.CFrame = CFrame.new(0, 0, 0, 1, 0, 0, 0, 1, 0, 0, 0, 1)
    Torso.CFrame = CFrame.new(-0.411249, 0.03962, 0.143239, 0.907377, -0.420029, -0.015585, 0.417856, 0.905448, -0.074561, 0.045429, 0.061143, 0.997095)
    Left Leg.CFrame = CFrame.new(0.252538, -0.094366, -0.160996, 0.75699, -0.435425, 0.487208, 0.43331, 0.892606, 0.124489, -0.48909, 0.116875, 0.864367)
    Right Arm.CFrame = CFrame.new(-0.442285, -0.254635, -0.156859, 0.642274, 0.519858, -0.563233, -0.136423, 0.800638, 0.583411, 0.754236, -0.297872, 0.58515)
    Head.CFrame = CFrame.new(0, 0, 0, 0.914932, 0.386291, -0.116957, -0.402916, 0.891138, -0.208643, 0.023628, 0.238018, 0.970973)
    Left Arm.CFrame = CFrame.new(-0.001622, -0.797122, 0.501416, -0.687199, 0.558389, 0.464715, -0.302591, -0.801567, 0.515684, 0.660452, 0.213759, 0.719799)
    Right Leg.CFrame = CFrame.new(0.174825, -0.186743, 0.085619, 0.64942, 0.034404, -0.759651, -0.304599, 0.927101, -0.218412, 0.696759, 0.37323, 0.612557)

[51]
    Time: 4.066667
    HumanoidRootPart.CFrame = CFrame.new(0, 0, 0, 1, 0, 0, 0, 1, 0, 0, 0, 1)
    Torso.CFrame = CFrame.new(-0.784911, 0.018685, -0.138818, 0.958527, -0.24036, -0.153146, 0.216243, 0.963378, -0.15856, 0.185649, 0.118867, 0.9754)
    Left Leg.CFrame = CFrame.new(0.284087, -0.169026, -0.25114, 0.600469, -0.45263, 0.659214, 0.603468, 0.797384, -0.00219, -0.524656, 0.39913, 0.751952)
    Right Arm.CFrame = CFrame.new(-0.418372, -0.26776, -0.052699, 0.986482, 0.105757, -0.125174, -0.047569, 0.915786, 0.398839, 0.156813, -0.387493, 0.908438)
    Head.CFrame = CFrame.new(0, -0, -0, 0.972649, 0.231598, 0.017798, -0.232082, 0.965781, 0.115781, 0.009626, -0.116745, 0.993115)
    Left Arm.CFrame = CFrame.new(0.399551, -0.662718, 0.30138, -0.124311, 0.913998, 0.386205, -0.649497, -0.369206, 0.664711, 0.750134, -0.168208, 0.639535)
    Right Leg.CFrame = CFrame.new(0.435099, -0.038363, 0.128702, 0.826006, 0.007256, -0.563615, -0.246053, 0.904259, -0.348962, 0.507122, 0.426923, 0.748708)

[52]
    Time: 4.166667
    HumanoidRootPart.CFrame = CFrame.new(0, 0, 0, 1, 0, 0, 0, 1, 0, 0, 0, 1)
    Torso.CFrame = CFrame.new(-1.21953, -0.004793, 0.086852, 0.915848, 0.244904, -0.31819, -0.312548, 0.932296, -0.182038, 0.252065, 0.266169, 0.930386)
    Left Leg.CFrame = CFrame.new(0.295188, -0.239947, -0.269607, 0.559077, -0.171914, 0.811097, 0.44723, 0.886276, -0.120421, -0.698153, 0.430071, 0.572382)
    Right Arm.CFrame = CFrame.new(-0.909115, -0.250786, 0.109584, 0.72255, -0.684756, 0.095025, 0.612465, 0.697811, 0.371411, -0.320636, -0.210163, 0.923593)
    Head.CFrame = CFrame.new(-0, -0, -0, 0.972137, -0.234204, -0.009897, 0.225664, 0.923592, 0.309926, -0.063445, -0.303524, 0.950709)
    Left Arm.CFrame = CFrame.new(0.23863, -0.285413, 0.123803, 0.814955, 0.548521, 0.187011, -0.457057, 0.409955, 0.789326, 0.356296, -0.72874, 0.584801)
    Right Leg.CFrame = CFrame.new(0.746208, 0.291362, -0.034295, 0.997322, 0.064967, 0.033581, -0.067996, 0.992788, 0.098736, -0.026925, -0.100755, 0.994547)

[53]
    Time: 4.266667
    HumanoidRootPart.CFrame = CFrame.new(0, 0, 0, 1, 0, 0, 0, 1, 0, 0, 0, 1)
    Torso.CFrame = CFrame.new(-1.59862, 0.010599, -0.212894, 0.714967, 0.573241, -0.400271, -0.662395, 0.73858, -0.125431, 0.22373, 0.354817, 0.907772)
    Left Leg.CFrame = CFrame.new(0.59966, -0.098466, -0.408477, 0.315903, -0.229045, 0.92073, 0.064463, 0.973363, 0.220022, -0.946599, -0.010153, 0.322253)
    Right Arm.CFrame = CFrame.new(-0.750867, -0.737014, 0.492739, -0.17788, -0.973915, 0.140886, 0.857183, -0.083033, 0.508275, -0.483319, 0.211177, 0.849593)
    Head.CFrame = CFrame.new(0, -0, -0, 0.816654, -0.576434, -0.02827, 0.560845, 0.781108, 0.274452, -0.136122, -0.239988, 0.961185)
    Left Arm.CFrame = CFrame.new(0.529187, -0.42514, -0.026263, 0.888963, -0.45397, 0.060473, 0.267004, 0.621011, 0.736922, -0.372095, -0.638949, 0.673268)
    Right Leg.CFrame = CFrame.new(0.669007, 0.757522, -0.100595, 0.934774, -0.355072, -0.011071, 0.251013, 0.638132, 0.72786, -0.251378, -0.683163, 0.685636)

[54]
    Time: 4.333333
    HumanoidRootPart.CFrame = CFrame.new(0, 0, 0, 1, 0, 0, 0, 1, 0, 0, 0, 1)
    Torso.CFrame = CFrame.new(-1.69473, 0.005617, -0.529911, 0.647276, 0.642081, -0.410811, -0.746019, 0.644259, -0.168482, 0.15649, 0.415527, 0.896018)
    Left Leg.CFrame = CFrame.new(0.291724, 0.018291, -0.094418, 0.566187, -0.397461, 0.72212, 0.198256, 0.916012, 0.348735, -0.800079, -0.054285, 0.597433)
    Right Arm.CFrame = CFrame.new(-0.383248, -0.841442, 0.617822, -0.575751, -0.809003, 0.118427, 0.70385, -0.416701, 0.575288, -0.416061, 0.414578, 0.809332)
    Head.CFrame = CFrame.new(-0, 0, 0, 0.679293, -0.72738, 0.097365, 0.704525, 0.683509, 0.190944, -0.205439, -0.061111, 0.97676)
    Left Arm.CFrame = CFrame.new(0.600038, -0.497693, -0.135086, 0.723728, -0.681374, 0.109303, 0.601649, 0.700591, 0.383654, -0.337989, -0.2119, 0.916986)
    Right Leg.CFrame = CFrame.new(0.801427, 1.04044, -0.435353, 0.936982, -0.348986, 0.016572, 0.227264, 0.64483, 0.729757, -0.265361, -0.680002, 0.683506)

[55]
    Time: 4.400000
    HumanoidRootPart.CFrame = CFrame.new(0, 0, 0, 1, 0, 0, 0, 1, 0, 0, 0, 1)
    Torso.CFrame = CFrame.new(-1.69288, -0.054406, -0.348932, 0.70912, 0.551965, -0.438729, -0.68413, 0.689202, -0.238679, 0.17063, 0.469399, 0.866343)
    Left Leg.CFrame = CFrame.new(0.202302, -0.077537, -0.056178, 0.633287, -0.245439, 0.733967, 0.105913, 0.966942, 0.231961, -0.766635, -0.069161, 0.638347)
    Right Arm.CFrame = CFrame.new(-0.205727, -0.858987, 0.60255, -0.703561, -0.70438, 0.094075, 0.616402, -0.53902, 0.574026, -0.353624, 0.46185, 0.813415)
    Head.CFrame = CFrame.new(0, 0, 0, 0.5607, -0.782169, 0.271711, 0.767452, 0.614104, 0.184104, -0.31086, 0.105298, 0.944605)
    Left Arm.CFrame = CFrame.new(0.635983, -0.437628, -0.206462, 0.759202, -0.643423, -0.098072, 0.624791, 0.762693, -0.167138, 0.18234, 0.065617, 0.981044)
    Right Leg.CFrame = CFrame.new(0.740173, 0.926054, -0.237152, 0.924942, -0.376447, -0.05263, 0.302122, 0.644067, 0.70278, -0.230663, -0.665931, 0.709458)

[56]
    Time: 4.466667
    HumanoidRootPart.CFrame = CFrame.new(0, 0, 0, 1, 0, 0, 0, 1, 0, 0, 0, 1)
    Torso.CFrame = CFrame.new(-1.52402, -0.051813, 0.065651, 0.827276, 0.459578, -0.323115, -0.534077, 0.821793, -0.19854, 0.174289, 0.336815, 0.925299)
    Left Leg.CFrame = CFrame.new(0.070508, -0.122143, 0.030383, 0.625756, -0.066915, 0.777143, 0.072458, 0.996992, 0.027502, -0.776646, 0.039101, 0.628723)
    Right Arm.CFrame = CFrame.new(-0.104008, -0.934745, 0.443358, -0.743227, -0.658328, 0.119236, 0.634339, -0.636747, 0.43837, -0.212668, 0.401444, 0.890851)
    Head.CFrame = CFrame.new(-0, -0, 0, 0.597884, -0.752849, 0.275234, 0.767927, 0.636408, 0.072621, -0.229834, 0.16794, 0.958631)
    Left Arm.CFrame = CFrame.new(0.654395, -0.314358, -0.246502, 0.714849, -0.485384, -0.503382, 0.311249, 0.865475, -0.392527, 0.626191, 0.123921, 0.769759)
    Right Leg.CFrame = CFrame.new(0.15077, 0.328864, 0.146791, 0.906737, -0.377895, -0.187144, 0.412718, 0.704174, 0.577756, -0.086549, -0.601111, 0.794465)

[57]
    Time: 4.533333
    HumanoidRootPart.CFrame = CFrame.new(0, 0, 0, 1, 0, 0, 0, 1, 0, 0, 0, 1)
    Torso.CFrame = CFrame.new(-1.10081, 0.049426, 0.21541, 0.931581, 0.301659, -0.202876, -0.322841, 0.943048, -0.080216, 0.167124, 0.140225, 0.975913)
    Left Leg.CFrame = CFrame.new(0.064241, -0.254828, -0.193431, 0.564958, 0.124978, 0.8156, 0.164544, 0.951544, -0.259787, -0.808547, 0.280971, 0.517018)
    Right Arm.CFrame = CFrame.new(-0.023715, -0.79894, 0.214, -0.728833, -0.654232, 0.201948, 0.68378, -0.680274, 0.263955, -0.035308, 0.330468, 0.943157)
    Head.CFrame = CFrame.new(0, -0, 0, 0.723819, -0.651492, 0.227253, 0.682088, 0.72531, -0.093175, -0.104126, 0.222449, 0.969368)
    Left Arm.CFrame = CFrame.new(0.682829, -0.247526, -0.293758, 0.690298, -0.407504, -0.597854, 0.23873, 0.908314, -0.343472, 0.683006, 0.094372, 0.724291)
    Right Leg.CFrame = CFrame.new(-0.019623, 0.078097, 0.131058, 0.794405, 0.355573, -0.492431, -0.213954, 0.922588, 0.321022, 0.568458, -0.149664, 0.808985)

[58]
    Time: 4.633333
    HumanoidRootPart.CFrame = CFrame.new(0, 0, 0, 1, 0, 0, 0, 1, 0, 0, 0, 1)
    Torso.CFrame = CFrame.new(-0.572331, 0.076952, -0.117943, 0.99983, 0.017333, -0.006379, -0.017444, 0.999689, -0.017816, 0.006068, 0.017924, 0.999821)
    Left Leg.CFrame = CFrame.new(-0.18481, -0.154256, 0.016422, 0.723303, -0.051943, 0.688575, 0.353889, 0.884145, -0.305042, -0.592955, 0.464316, 0.657886)
    Right Arm.CFrame = CFrame.new(-0.004222, -0.602793, 0.305655, -0.531088, -0.773742, 0.345353, 0.832183, -0.399621, 0.384414, -0.159428, 0.491554, 0.856129)
    Head.CFrame = CFrame.new(0, 0, 0, 0.889995, -0.452964, -0.052274, 0.455134, 0.889447, 0.041683, 0.027614, -0.060889, 0.997763)
    Left Arm.CFrame = CFrame.new(0.853827, -0.147692, -0.270224, 0.711419, -0.370848, -0.596954, 0.247467, 0.927222, -0.281103, 0.657756, 0.052255, 0.751417)
    Right Leg.CFrame = CFrame.new(-0.592737, 0.007843, -0.434269, 0.448885, 0.497296, -0.742427, -0.566866, 0.800735, 0.193615, 0.690771, 0.333946, 0.641339)

[59]
    Time: 4.700000
    HumanoidRootPart.CFrame = CFrame.new(0, 0, 0, 1, 0, 0, 0, 1, 0, 0, 0, 1)
    Torso.CFrame = CFrame.new(-0.239021, 0.026113, -0.110185, 0.980431, -0.1728, 0.094316, 0.176044, 0.984007, -0.027175, -0.088111, 0.043247, 0.995171)
    Left Leg.CFrame = CFrame.new(-0.339423, 0.077535, 0.135073, 0.819657, -0.192803, 0.539435, 0.301829, 0.945702, -0.120611, -0.48689, 0.261677, 0.833345)
    Right Arm.CFrame = CFrame.new(-0.133569, -0.583526, 0.418091, -0.322384, -0.873189, 0.365527, 0.855871, -0.103902, 0.506646, -0.404418, 0.476179, 0.780833)
    Head.CFrame = CFrame.new(0, -0, 0, 0.939257, -0.301625, -0.163767, 0.322, 0.939572, 0.116274, 0.118799, -0.161944, 0.979623)
    Left Arm.CFrame = CFrame.new(0.869512, -0.149845, -0.213384, 0.783467, -0.184789, -0.593324, 0.161699, 0.982498, -0.092476, 0.600028, -0.023489, 0.799634)
    Right Leg.CFrame = CFrame.new(-0.411804, 0.026488, -0.214602, 0.351833, 0.490826, -0.797059, -0.577189, 0.784114, 0.228075, 0.73693, 0.379809, 0.559177)

[60]
    Time: 4.800000
    HumanoidRootPart.CFrame = CFrame.new(0, 0, 0, 1, 0, 0, 0, 1, 0, 0, 0, 1)
    Torso.CFrame = CFrame.new(0.195609, -0.142624, -0.077654, 0.869154, -0.426384, 0.250535, 0.470826, 0.86843, -0.15541, -0.151308, 0.253034, 0.955552)
    Left Leg.CFrame = CFrame.new(-0.361883, 0.518979, 0.14167, 0.90458, 0.157581, 0.39611, -0.327706, 0.851331, 0.409689, -0.272661, -0.500404, 0.821737)
    Right Arm.CFrame = CFrame.new(-0.728721, -0.436617, 0.141696, 0.626134, -0.767268, 0.138767, 0.611469, 0.593616, 0.523187, -0.483799, -0.242733, 0.840844)
    Head.CFrame = CFrame.new(0, 0, -0, 0.970536, 0.08601, -0.225082, -0.0114, 0.949466, 0.313663, 0.240686, -0.301855, 0.922472)
    Left Arm.CFrame = CFrame.new(0.993533, -0.20552, 0.147614, 0.629502, 0.670984, -0.391801, -0.462161, 0.728693, 0.505385, 0.624608, -0.137066, 0.768816)
    Right Leg.CFrame = CFrame.new(-0.272226, 0.10731, -0.037047, 0.457936, 0.24431, -0.854756, -0.131507, 0.969534, 0.206662, 0.879205, 0.017768, 0.476113)

[61]
    Time: 4.900000
    HumanoidRootPart.CFrame = CFrame.new(0, 0, 0, 1, 0, 0, 0, 1, 0, 0, 0, 1)
    Torso.CFrame = CFrame.new(0.519073, -0.21228, -0.513986, 0.736712, -0.49396, 0.4618, 0.621881, 0.763118, -0.175827, -0.265557, 0.416718, 0.869382)
    Left Leg.CFrame = CFrame.new(-0.692789, 1.16675, -0.206984, 0.956728, 0.143218, 0.2533, -0.273639, 0.738871, 0.615786, -0.098964, -0.658452, 0.746088)
    Right Arm.CFrame = CFrame.new(-0.380599, -0.356361, -0.051793, 0.928878, 0.230447, -0.289964, -0.010571, 0.799048, 0.601175, 0.370234, -0.555353, 0.744654)
    Head.CFrame = CFrame.new(0, -0, -0, 0.848423, 0.394498, -0.352917, -0.235117, 0.878222, 0.416468, 0.474235, -0.270364, 0.837857)
    Left Arm.CFrame = CFrame.new(0.726229, -0.558117, 0.108106, -0.08176, 0.938887, 0.334375, -0.505764, -0.328175, 0.797812, 0.858789, -0.103886, 0.501686)
    Right Leg.CFrame = CFrame.new(-0.247797, 0.078871, 0.009033, 0.59089, 0.311259, -0.74429, -0.178176, 0.950143, 0.255893, 0.786831, -0.01859, 0.616889)

[62]
    Time: 4.966667
    HumanoidRootPart.CFrame = CFrame.new(0, 0, 0, 1, 0, 0, 0, 1, 0, 0, 0, 1)
    Torso.CFrame = CFrame.new(0.552108, -0.161694, -0.383425, 0.697781, -0.514707, 0.498175, 0.676129, 0.702925, -0.220785, -0.23654, 0.49089, 0.838496)
    Left Leg.CFrame = CFrame.new(-0.683623, 1.02, -0.102913, 0.905047, 0.337801, 0.258421, -0.425266, 0.727781, 0.538037, -0.006325, -0.596847, 0.802331)
    Right Arm.CFrame = CFrame.new(-0.641994, -0.24937, -0.172988, 0.801601, 0.375346, -0.46535, -0.054232, 0.820803, 0.568632, 0.595394, -0.430579, 0.678312)
    Head.CFrame = CFrame.new(0, 0, -0, 0.815262, 0.470602, -0.337462, -0.29717, 0.84015, 0.453694, 0.497028, -0.269596, 0.824791)
    Left Arm.CFrame = CFrame.new(0.191767, -0.715207, 0.475225, -0.515258, 0.646088, 0.563099, -0.136916, -0.710647, 0.690098, 0.846028, 0.278482, 0.454626)
    Right Leg.CFrame = CFrame.new(-0.409007, -0.050385, -0.234641, 0.513701, 0.115156, -0.850206, 0.072585, 0.981566, 0.176804, 0.854893, -0.152537, 0.495873)

[63]
    Time: 5.033333
    HumanoidRootPart.CFrame = CFrame.new(0, 0, 0, 1, 0, 0, 0, 1, 0, 0, 0, 1)
    Torso.CFrame = CFrame.new(0.385305, -0.030403, -0.027496, 0.69977, -0.58267, 0.413301, 0.688131, 0.705158, -0.170961, -0.191828, 0.404039, 0.894402)
    Left Leg.CFrame = CFrame.new(-0.58314, 0.617978, 0.046721, 0.885437, 0.411241, 0.216524, -0.46355, 0.747848, 0.47523, 0.033508, -0.521156, 0.852803)
    Right Arm.CFrame = CFrame.new(-0.851718, -0.137074, -0.373495, 0.777154, 0.421811, -0.467019, -0.126329, 0.831575, 0.540855, 0.6165, -0.36133, 0.699549)
    Head.CFrame = CFrame.new(0, -0, -0, 0.818061, 0.489326, -0.302219, -0.394473, 0.85978, 0.324298, 0.418529, -0.146078, 0.896379)
    Left Arm.CFrame = CFrame.new(-0.181083, -0.744201, 0.452532, -0.71996, 0.45032, 0.528081, -0.110373, -0.825517, 0.55348, 0.685183, 0.340198, 0.644042)
    Right Leg.CFrame = CFrame.new(-0.396687, -0.127761, -0.235902, 0.45997, 0.066504, -0.88544, 0.114942, 0.984341, 0.133643, 0.880463, -0.163246, 0.445124)

[64]
    Time: 5.100000
    HumanoidRootPart.CFrame = CFrame.new(0, 0, 0, 1, 0, 0, 0, 1, 0, 0, 0, 1)
    Torso.CFrame = CFrame.new(0.046184, 0.035008, 0.217687, 0.814712, -0.491766, 0.307262, 0.52986, 0.846613, -0.049948, -0.23557, 0.203499, 0.950313)
    Left Leg.CFrame = CFrame.new(-0.293025, 0.369921, 0.154102, 0.9293, -0.089462, 0.358327, -0.066144, 0.914218, 0.399788, -0.363355, -0.395224, 0.843665)
    Right Arm.CFrame = CFrame.new(-0.739144, -0.106682, -0.368937, 0.782037, 0.476085, -0.402195, -0.218165, 0.813628, 0.538901, 0.583799, -0.333696, 0.740152)
    Head.CFrame = CFrame.new(0, 0, 0, 0.896759, 0.303317, -0.322215, -0.298868, 0.952113, 0.06449, 0.326346, 0.038468, 0.944467)
    Left Arm.CFrame = CFrame.new(-0.159697, -0.730587, 0.448968, -0.683584, 0.484547, 0.545828, -0.138882, -0.82053, 0.554474, 0.716537, 0.303224, 0.628196)
    Right Leg.CFrame = CFrame.new(0.016594, -0.156183, 0.055802, 0.576337, 0.086584, -0.812613, -0.264226, 0.960705, -0.085036, 0.773318, 0.263723, 0.576567)

[65]
    Time: 5.166667
    HumanoidRootPart.CFrame = CFrame.new(0, 0, 0, 1, 0, 0, 0, 1, 0, 0, 0, 1)
    Torso.CFrame = CFrame.new(-0.210245, 0.028931, 0.125099, 0.924982, -0.331705, 0.185419, 0.351427, 0.932326, -0.08525, -0.144593, 0.144016, 0.978955)
    Left Leg.CFrame = CFrame.new(0.220433, -0.019415, -0.054407, 0.73239, -0.39604, 0.553856, 0.342845, 0.917293, 0.202559, -0.58827, 0.041535, 0.807597)
    Right Arm.CFrame = CFrame.new(-0.826463, 0.066051, -0.396666, 0.962206, 0.089296, -0.257266, 0.017908, 0.921917, 0.386972, 0.271733, -0.376954, 0.885475)
    Head.CFrame = CFrame.new(0, -0, 0, 0.973151, 0.12193, -0.195217, -0.129802, 0.991144, -0.028002, 0.190073, 0.05259, 0.98036)
    Left Arm.CFrame = CFrame.new(0.08587, -0.746328, 0.44129, -0.489587, 0.617924, 0.615204, -0.203348, -0.767004, 0.608568, 0.847912, 0.172846, 0.501169)
    Right Leg.CFrame = CFrame.new(0.245306, -0.28286, -0.085016, 0.717404, -0.022436, -0.696296, -0.323106, 0.874767, -0.361088, 0.617198, 0.484023, 0.620313)

[66]
    Time: 5.266667
    HumanoidRootPart.CFrame = CFrame.new(0, 0, 0, 1, 0, 0, 0, 1, 0, 0, 0, 1)
    Torso.CFrame = CFrame.new(-0.630639, 0.019015, -0.084145, 0.998221, -0.059601, 0.001367, 0.059077, 0.985835, -0.156969, 0.008008, 0.15677, 0.987603)
    Left Leg.CFrame = CFrame.new(0.40945, -0.128597, -0.259924, 0.502442, -0.366347, 0.783162, 0.511595, 0.856181, 0.072288, -0.69701, 0.364341, 0.617602)
    Right Arm.CFrame = CFrame.new(-1.11992, -0.116626, -0.14959, 0.755276, -0.65179, -0.068769, 0.646763, 0.724215, 0.239188, -0.106096, -0.22513, 0.968535)
    Head.CFrame = CFrame.new(0, 0, 0, 0.9798, -0.194474, -0.046597, 0.193977, 0.980891, -0.014999, 0.048623, 0.005657, 0.998801)
    Left Arm.CFrame = CFrame.new(0.402294, -0.630331, 0.252221, -0.049292, 0.915865, 0.39845, -0.59571, -0.347168, 0.724296, 0.801686, -0.201659, 0.562702)
    Right Leg.CFrame = CFrame.new(0.514432, -0.159033, -0.075279, 0.899248, 0.023013, -0.436833, -0.240238, 0.860519, -0.449213, 0.365566, 0.508898, 0.779349)

[67]
    Time: 5.366667
    HumanoidRootPart.CFrame = CFrame.new(0, 0, 0, 1, 0, 0, 0, 1, 0, 0, 0, 1)
    Torso.CFrame = CFrame.new(-1.16693, -0.004793, 0.103211, 0.928527, 0.259427, -0.265585, -0.312548, 0.932296, -0.182038, 0.200378, 0.252036, 0.946745)
    Left Leg.CFrame = CFrame.new(0.300552, -0.219386, -0.223265, 0.54814, -0.185637, 0.815526, 0.435177, 0.895981, -0.088544, -0.714258, 0.403432, 0.571907)
    Right Arm.CFrame = CFrame.new(-0.934664, -0.890315, 0.255244, -0.040817, -0.998456, 0.037685, 0.938159, -0.02532, 0.345279, -0.343791, 0.049448, 0.937743)
    Head.CFrame = CFrame.new(0, -0, -0, 0.782162, -0.615636, 0.095991, 0.615094, 0.787504, 0.038684, -0.099409, 0.028786, 0.99463)
    Left Arm.CFrame = CFrame.new(0.256781, -0.292613, 0.133644, 0.802655, 0.560874, 0.202894, -0.479779, 0.405057, 0.778294, 0.354341, -0.722045, 0.594216)
    Right Leg.CFrame = CFrame.new(0.726646, 0.234466, -0.049533, 0.997112, 0.066875, 0.035989, -0.068881, 0.995953, 0.057738, -0.031983, -0.06005, 0.997683)

[68]
    Time: 5.466667
    HumanoidRootPart.CFrame = CFrame.new(0, 0, 0, 1, 0, 0, 0, 1, 0, 0, 0, 1)
    Torso.CFrame = CFrame.new(-1.59862, 0.010599, -0.212894, 0.714967, 0.573241, -0.400271, -0.662395, 0.73858, -0.125431, 0.22373, 0.354817, 0.907772)
    Left Leg.CFrame = CFrame.new(0.59966, -0.098466, -0.408477, 0.315903, -0.229045, 0.92073, 0.064463, 0.973363, 0.220022, -0.946599, -0.010153, 0.322253)
    Right Arm.CFrame = CFrame.new(-0.429391, -0.932133, 0.446047, -0.372486, -0.914074, 0.160384, 0.865954, -0.280189, 0.414267, -0.333733, 0.293194, 0.895913)
    Head.CFrame = CFrame.new(0, -0, -0, 0.442905, -0.854412, 0.271692, 0.877851, 0.474865, 0.0623, -0.182247, 0.210912, 0.960366)
    Left Arm.CFrame = CFrame.new(0.529187, -0.42514, -0.026263, 0.888963, -0.45397, 0.060473, 0.267004, 0.621011, 0.736922, -0.372095, -0.638949, 0.673268)
    Right Leg.CFrame = CFrame.new(0.669007, 0.757522, -0.100595, 0.934774, -0.355072, -0.011071, 0.251013, 0.638132, 0.72786, -0.251378, -0.683163, 0.685636)

[69]
    Time: 5.533333
    HumanoidRootPart.CFrame = CFrame.new(0, 0, 0, 1, 0, 0, 0, 1, 0, 0, 0, 1)
    Torso.CFrame = CFrame.new(-1.69473, 0.005617, -0.529911, 0.647276, 0.642081, -0.410811, -0.746019, 0.644259, -0.168482, 0.15649, 0.415527, 0.896018)
    Left Leg.CFrame = CFrame.new(0.291724, 0.018291, -0.094418, 0.566187, -0.397461, 0.72212, 0.198256, 0.916012, 0.348735, -0.800079, -0.054285, 0.597433)
    Right Arm.CFrame = CFrame.new(-0.303439, -0.878146, 0.558224, -0.594512, -0.790157, 0.149022, 0.728584, -0.45095, 0.515567, -0.340177, 0.415086, 0.843791)
    Head.CFrame = CFrame.new(-0, 0, 0, 0.40789, -0.855359, 0.319352, 0.877955, 0.463463, 0.119987, -0.25064, 0.231436, 0.940009)
    Left Arm.CFrame = CFrame.new(0.600038, -0.497693, -0.135086, 0.723728, -0.681374, 0.109303, 0.601649, 0.700591, 0.383654, -0.337989, -0.2119, 0.916986)
    Right Leg.CFrame = CFrame.new(0.801427, 1.04044, -0.435353, 0.936982, -0.348986, 0.016572, 0.227264, 0.64483, 0.729757, -0.265361, -0.680002, 0.683506)

[70]
    Time: 5.633333
    HumanoidRootPart.CFrame = CFrame.new(0, 0, 0, 1, 0, 0, 0, 1, 0, 0, 0, 1)
    Torso.CFrame = CFrame.new(-1.65905, -0.084779, -0.163064, 0.766654, 0.514136, -0.384585, -0.621648, 0.744222, -0.244309, 0.160609, 0.426377, 0.890173)
    Left Leg.CFrame = CFrame.new(0.164662, -0.091723, -0.008152, 0.638899, -0.171986, 0.749819, 0.058812, 0.982756, 0.175303, -0.767039, -0.067902, 0.637997)
    Right Arm.CFrame = CFrame.new(-0.106414, -0.53104, 0.335013, -0.713129, -0.689693, 0.12558, 0.661314, -0.602402, 0.446963, -0.232617, 0.40179, 0.885694)
    Head.CFrame = CFrame.new(0, 0, -0, 0.70594, -0.614785, 0.351692, 0.609043, 0.780384, 0.14166, -0.361545, 0.114192, 0.925335)
    Left Arm.CFrame = CFrame.new(0.647883, -0.37277, -0.227163, 0.741849, -0.584301, -0.329017, 0.474896, 0.804198, -0.357406, 0.473428, 0.108893, 0.874076)
    Right Leg.CFrame = CFrame.new(0.618785, 0.685195, -0.044031, 0.923684, -0.378341, -0.060543, 0.322457, 0.682245, 0.656173, -0.206952, -0.625619, 0.752178)

[71]
    Time: 5.733333
    HumanoidRootPart.CFrame = CFrame.new(0, 0, 0, 1, 0, 0, 0, 1, 0, 0, 0, 1)
    Torso.CFrame = CFrame.new(-1.10081, 0.049426, 0.21541, 0.931581, 0.301659, -0.202876, -0.322841, 0.943048, -0.080216, 0.167124, 0.140225, 0.975913)
    Left Leg.CFrame = CFrame.new(0.064241, -0.254828, -0.193431, 0.564958, 0.124978, 0.8156, 0.164544, 0.951544, -0.259787, -0.808547, 0.280971, 0.517018)
    Right Arm.CFrame = CFrame.new(0.010635, -0.62805, 0.084781, -0.729944, -0.643455, 0.230539, 0.68287, -0.701085, 0.20535, 0.029494, 0.307322, 0.951149)
    Head.CFrame = CFrame.new(0, -0, 0, 0.946439, -0.145233, 0.288375, 0.169822, 0.983521, -0.062023, -0.274615, 0.107673, 0.955507)
    Left Arm.CFrame = CFrame.new(0.682829, -0.247526, -0.293758, 0.690298, -0.407504, -0.597854, 0.23873, 0.908314, -0.343472, 0.683006, 0.094372, 0.724291)
    Right Leg.CFrame = CFrame.new(-0.019623, 0.078097, 0.131058, 0.794405, 0.355573, -0.492431, -0.213954, 0.922588, 0.321022, 0.568458, -0.149664, 0.808985)

[72]
    Time: 5.800000
    HumanoidRootPart.CFrame = CFrame.new(0, 0, 0, 1, 0, 0, 0, 1, 0, 0, 0, 1)
    Torso.CFrame = CFrame.new(-0.739697, 0.075701, -0.038222, 0.990513, 0.117289, -0.071604, -0.119808, 0.992283, -0.03194, 0.067305, 0.040216, 0.996922)
    Left Leg.CFrame = CFrame.new(-0.094208, -0.189822, -0.03064, 0.658503, 0.00967, 0.752516, 0.327953, 0.896295, -0.298499, -0.677363, 0.443352, 0.587042)
    Right Arm.CFrame = CFrame.new(0.206847, -0.654354, 0.298097, -0.793499, -0.571685, 0.208651, 0.598457, -0.670767, 0.438088, -0.110492, 0.472491, 0.874382)
    Head.CFrame = CFrame.new(0, -0, -0, 0.975593, 0.082161, 0.203637, -0.057407, 0.990542, -0.124625, -0.21195, 0.109893, 0.971082)
    Left Arm.CFrame = CFrame.new(0.804929, -0.177387, -0.282787, 0.69571, -0.392259, -0.601764, 0.243756, 0.916946, -0.315901, 0.6757, 0.073092, 0.733544)
    Right Leg.CFrame = CFrame.new(-0.656149, 0.014771, -0.460123, 0.578724, 0.44086, -0.686091, -0.459888, 0.871184, 0.171875, 0.673484, 0.216057, 0.706922)

[73]
    Time: 5.866667
    HumanoidRootPart.CFrame = CFrame.new(0, 0, 0, 1, 0, 0, 0, 1, 0, 0, 0, 1)
    Torso.CFrame = CFrame.new(-0.410655, 0.068672, -0.156355, 0.996474, -0.067755, 0.049481, 0.0683, 0.997621, -0.009411, -0.048725, 0.012757, 0.998731)
    Left Leg.CFrame = CFrame.new(-0.265783, -0.08157, 0.071701, 0.774201, -0.125625, 0.620348, 0.356891, 0.896083, -0.26394, -0.522726, 0.425739, 0.738582)
    Right Arm.CFrame = CFrame.new(0.07681, -0.662765, 0.393388, -0.591807, -0.73588, 0.329005, 0.769007, -0.393064, 0.504112, -0.241646, 0.551344, 0.798515)
    Head.CFrame = CFrame.new(0, -0, 0, 0.953991, 0.270221, 0.129927, -0.250938, 0.956732, -0.147287, -0.164106, 0.107907, 0.980523)
    Left Arm.CFrame = CFrame.new(0.921335, -0.104442, -0.217615, 0.748923, -0.283993, -0.598717, 0.196544, 0.958052, -0.208585, 0.632839, 0.03854, 0.773324)
    Right Leg.CFrame = CFrame.new(-0.534576, 0.02076, -0.361754, 0.368073, 0.527961, -0.765363, -0.615789, 0.755166, 0.224786, 0.696654, 0.388565, 0.603068)

[74]
    Time: 6.000000
    HumanoidRootPart.CFrame = CFrame.new(0, 0, 0, 1, 0, 0, 0, 1, 0, 0, 0, 1)
    Torso.CFrame = CFrame.new(0.195609, -0.142624, -0.077654, 0.869154, -0.426384, 0.250535, 0.470826, 0.86843, -0.15541, -0.151308, 0.253034, 0.955552)
    Left Leg.CFrame = CFrame.new(-0.361883, 0.518979, 0.14167, 0.90458, 0.157581, 0.39611, -0.327706, 0.851331, 0.409689, -0.272661, -0.500404, 0.821737)
    Right Arm.CFrame = CFrame.new(-0.728721, -0.436617, 0.141696, 0.626134, -0.767268, 0.138767, 0.611469, 0.593616, 0.523187, -0.483799, -0.242733, 0.840844)
    Head.CFrame = CFrame.new(0, 0, -0, 0.791602, 0.610493, 0.025779, -0.609977, 0.78704, 0.092177, 0.035984, -0.088692, 0.995409)
    Left Arm.CFrame = CFrame.new(0.993533, -0.20552, 0.147614, 0.629502, 0.670984, -0.391801, -0.462161, 0.728693, 0.505385, 0.624608, -0.137066, 0.768816)
    Right Leg.CFrame = CFrame.new(-0.272226, 0.10731, -0.037047, 0.457936, 0.24431, -0.854756, -0.131507, 0.969534, 0.206662, 0.879205, 0.017768, 0.476113)

[75]
    Time: 6.100000
    HumanoidRootPart.CFrame = CFrame.new(0, 0, 0, 1, 0, 0, 0, 1, 0, 0, 0, 1)
    Torso.CFrame = CFrame.new(0.519073, -0.21228, -0.513986, 0.736712, -0.49396, 0.4618, 0.621881, 0.763118, -0.175827, -0.265557, 0.416718, 0.869382)
    Left Leg.CFrame = CFrame.new(-0.692789, 1.16675, -0.206984, 0.956728, 0.143218, 0.2533, -0.273639, 0.738871, 0.615786, -0.098964, -0.658452, 0.746088)
    Right Arm.CFrame = CFrame.new(-0.374153, -0.367884, -0.065476, 0.891686, 0.234833, -0.386975, 0.055918, 0.791207, 0.608987, 0.449188, -0.564664, 0.692376)
    Head.CFrame = CFrame.new(0, -0, -0, 0.827945, 0.53635, -0.163819, -0.446681, 0.807314, 0.385643, 0.339093, -0.246116, 0.907988)
    Left Arm.CFrame = CFrame.new(0.726229, -0.558117, 0.108106, -0.08176, 0.938887, 0.334375, -0.505764, -0.328175, 0.797812, 0.858789, -0.103886, 0.501686)
    Right Leg.CFrame = CFrame.new(-0.247797, 0.078871, 0.009033, 0.59089, 0.311259, -0.74429, -0.178176, 0.950143, 0.255893, 0.786831, -0.01859, 0.616889)

[76]
    Time: 6.166667
    HumanoidRootPart.CFrame = CFrame.new(0, 0, 0, 1, 0, 0, 0, 1, 0, 0, 0, 1)
    Torso.CFrame = CFrame.new(0.552109, -0.113885, -0.372274, 0.697781, -0.514707, 0.498175, 0.661658, 0.72958, -0.172976, -0.274427, 0.450321, 0.849648)
    Left Leg.CFrame = CFrame.new(-0.683247, 1.01794, -0.101628, 0.919534, 0.301218, 0.252437, -0.392853, 0.722662, 0.568706, -0.011122, -0.622115, 0.782846)
    Right Arm.CFrame = CFrame.new(-0.504175, -0.284613, -0.172903, 0.596561, 0.526216, -0.60598, -0.010439, 0.760075, 0.649751, 0.8025, -0.381291, 0.458925)
    Head.CFrame = CFrame.new(0, -0, -0, 0.821819, 0.522543, -0.227072, -0.400856, 0.813518, 0.42131, 0.40488, -0.255218, 0.87803)
    Left Arm.CFrame = CFrame.new(0.191767, -0.715207, 0.475225, -0.515258, 0.646088, 0.563099, -0.136916, -0.710647, 0.690098, 0.846028, 0.278482, 0.454626)
    Right Leg.CFrame = CFrame.new(-0.415607, -0.046041, -0.234742, 0.546096, 0.135858, -0.826633, 0.03788, 0.981748, 0.186377, 0.836866, -0.133092, 0.530982)

[77]
    Time: 6.233333
    HumanoidRootPart.CFrame = CFrame.new(0, 0, 0, 1, 0, 0, 0, 1, 0, 0, 0, 1)
    Torso.CFrame = CFrame.new(0.385305, -0.007715, -0.023456, 0.69977, -0.58267, 0.413301, 0.683056, 0.715157, -0.148273, -0.209181, 0.386064, 0.898442)
    Left Leg.CFrame = CFrame.new(-0.57974, 0.623686, 0.050135, 0.893445, 0.3949, 0.214034, -0.447931, 0.747899, 0.489904, 0.033387, -0.533574, 0.845094)
    Right Arm.CFrame = CFrame.new(-0.579459, -0.324132, -0.177549, 0.272847, 0.716813, -0.641665, -0.055584, 0.677603, 0.733324, 0.96045, -0.164419, 0.224725)
    Head.CFrame = CFrame.new(0, 0, 0, 0.823299, 0.527341, -0.209978, -0.445871, 0.829769, 0.335682, 0.351252, -0.182743, 0.918274)
    Left Arm.CFrame = CFrame.new(-0.181083, -0.744201, 0.452532, -0.719961, 0.450319, 0.528081, -0.110373, -0.825517, 0.55348, 0.685182, 0.340197, 0.644042)
    Right Leg.CFrame = CFrame.new(-0.401873, -0.126127, -0.239275, 0.472939, 0.076645, -0.877755, 0.098389, 0.985385, 0.139056, 0.875585, -0.152126, 0.458486)

[78]
    Time: 6.300000
    HumanoidRootPart.CFrame = CFrame.new(0, 0, 0, 1, 0, 0, 0, 1, 0, 0, 0, 1)
    Torso.CFrame = CFrame.new(0.046184, 0.007093, 0.215808, 0.814712, -0.491766, 0.307262, 0.536556, 0.840265, -0.077862, -0.219892, 0.228299, 0.948434)
    Left Leg.CFrame = CFrame.new(-0.296384, 0.358884, 0.148348, 0.929541, -0.065506, 0.362853, -0.084447, 0.920113, 0.38244, -0.358919, -0.386135, 0.849751)
    Right Arm.CFrame = CFrame.new(-0.665223, -0.223337, -0.562466, 0.563799, 0.489068, -0.66554, 0.122677, 0.747296, 0.653069, 0.81675, -0.449846, 0.361327)
    Head.CFrame = CFrame.new(0, -0, 0, 0.887938, 0.395806, -0.234315, -0.366874, 0.916712, 0.158246, 0.277435, -0.054549, 0.959195)
    Left Arm.CFrame = CFrame.new(-0.159698, -0.730587, 0.448967, -0.683584, 0.484547, 0.545827, -0.138883, -0.82053, 0.554474, 0.716536, 0.303224, 0.628197)
    Right Leg.CFrame = CFrame.new(0.02837, -0.143719, 0.071733, 0.57274, 0.070339, -0.816713, -0.250391, 0.963707, -0.092594, 0.780559, 0.25753, 0.569566)

[79]
    Time: 6.400000
    HumanoidRootPart.CFrame = CFrame.new(0, 0, 0, 1, 0, 0, 0, 1, 0, 0, 0, 1)
    Torso.CFrame = CFrame.new(-0.342605, 0.036444, 0.008497, 0.96651, -0.222795, 0.127364, 0.236584, 0.965831, -0.105823, -0.099435, 0.132411, 0.986195)
    Left Leg.CFrame = CFrame.new(0.357112, -0.085186, -0.184977, 0.612859, -0.433208, 0.660859, 0.468979, 0.872514, 0.137037, -0.635974, 0.225945, 0.737893)
    Right Arm.CFrame = CFrame.new(-0.760701, -0.088487, -0.548899, 0.836403, -0.111793, -0.536593, 0.401641, 0.791179, 0.461217, 0.37298, -0.601281, 0.706645)
    Head.CFrame = CFrame.new(0, 0, -0, 0.977676, 0.180319, -0.107861, -0.17432, 0.982688, 0.062752, 0.117309, -0.042549, 0.992184)
    Left Arm.CFrame = CFrame.new(0.21408, -0.72338, 0.382205, -0.348659, 0.730919, 0.586681, -0.325924, -0.681447, 0.655289, 0.878755, 0.037259, 0.475817)
    Right Leg.CFrame = CFrame.new(0.381277, -0.232025, -0.053994, 0.800817, 0.009807, -0.598829, -0.321645, 0.850479, -0.416209, 0.50521, 0.525918, 0.684232)

[80]
    Time: 6.500000
    HumanoidRootPart.CFrame = CFrame.new(0, 0, 0, 1, 0, 0, 0, 1, 0, 0, 0, 1)
    Torso.CFrame = CFrame.new(-0.797585, -0.022847, -0.059675, 0.995253, -0.055215, -0.080142, 0.038203, 0.979032, -0.200092, 0.08951, 0.19608, 0.976494)
    Left Leg.CFrame = CFrame.new(0.325363, -0.171122, -0.237217, 0.574027, -0.334907, 0.747215, 0.506847, 0.862031, -0.003003, -0.643116, 0.380448, 0.664576)
    Right Arm.CFrame = CFrame.new(-0.89432, -0.231123, -0.30248, 0.667351, -0.658723, -0.347458, 0.742508, 0.55237, 0.378906, -0.057669, -0.510853, 0.857732)
    Head.CFrame = CFrame.new(0, -0, -0, 0.997083, 0.039333, 0.065415, -0.052736, 0.974559, 0.21784, -0.055182, -0.220654, 0.97379)
    Left Arm.CFrame = CFrame.new(0.421789, -0.569892, 0.178794, 0.14211, 0.939687, 0.311115, -0.705196, -0.12445, 0.698005, 0.694625, -0.31859, 0.644978)
    Right Leg.CFrame = CFrame.new(0.500594, -0.129798, -0.073195, 0.91637, -0.000871, -0.400331, -0.180468, 0.891726, -0.415038, 0.357347, 0.452575, 0.816994)

[81]
    Time: 6.566667
    HumanoidRootPart.CFrame = CFrame.new(0, 0, 0, 1, 0, 0, 0, 1, 0, 0, 0, 1)
    Torso.CFrame = CFrame.new(-1.16693, -0.004793, 0.103211, 0.928527, 0.259427, -0.265585, -0.312548, 0.932296, -0.182038, 0.200378, 0.252036, 0.946745)
    Left Leg.CFrame = CFrame.new(0.300552, -0.219386, -0.223265, 0.54814, -0.185637, 0.815526, 0.435177, 0.895981, -0.088544, -0.714258, 0.403432, 0.571907)
    Right Arm.CFrame = CFrame.new(-0.995364, -0.325091, -0.07871, 0.399815, -0.901469, -0.165835, 0.874961, 0.321446, 0.362098, -0.273114, -0.289871, 0.91727)
    Head.CFrame = CFrame.new(0, -0, -0, 0.94442, -0.288754, 0.157137, 0.242281, 0.934445, 0.260983, -0.222196, -0.208406, 0.952468)
    Left Arm.CFrame = CFrame.new(0.256781, -0.292613, 0.133644, 0.802655, 0.560874, 0.202894, -0.479779, 0.405057, 0.778294, 0.354341, -0.722045, 0.594216)
    Right Leg.CFrame = CFrame.new(0.726646, 0.234466, -0.049533, 0.997112, 0.066875, 0.035989, -0.068881, 0.995953, 0.057738, -0.031983, -0.06005, 0.997683)

[82]
    Time: 6.666667
    HumanoidRootPart.CFrame = CFrame.new(0, 0, 0, 1, 0, 0, 0, 1, 0, 0, 0, 1)
    Torso.CFrame = CFrame.new(-1.59862, 0.010599, -0.212894, 0.714967, 0.573241, -0.400271, -0.662395, 0.73858, -0.125431, 0.22373, 0.354817, 0.907772)
    Left Leg.CFrame = CFrame.new(0.59966, -0.098466, -0.408477, 0.315903, -0.229045, 0.92073, 0.064463, 0.973363, 0.220022, -0.946599, -0.010153, 0.322253)
    Right Arm.CFrame = CFrame.new(-0.862451, -0.545406, 0.369176, -0.195484, -0.975537, 0.100563, 0.878856, -0.128755, 0.459385, -0.435199, 0.178182, 0.882526)
    Head.CFrame = CFrame.new(0, -0, -0, 0.745765, -0.637763, 0.192594, 0.56854, 0.75995, 0.315021, -0.347271, -0.125434, 0.929338)
    Left Arm.CFrame = CFrame.new(0.529187, -0.42514, -0.026263, 0.888963, -0.45397, 0.060473, 0.267004, 0.621011, 0.736922, -0.372095, -0.638949, 0.673268)
    Right Leg.CFrame = CFrame.new(0.669007, 0.757522, -0.100595, 0.934774, -0.355072, -0.011071, 0.251013, 0.638132, 0.72786, -0.251378, -0.683163, 0.685636)

[83]
    Time: 6.733333
    HumanoidRootPart.CFrame = CFrame.new(0, 0, 0, 1, 0, 0, 0, 1, 0, 0, 0, 1)
    Torso.CFrame = CFrame.new(-1.69473, 0.005617, -0.529911, 0.647276, 0.642081, -0.410811, -0.746019, 0.644259, -0.168482, 0.15649, 0.415527, 0.896018)
    Left Leg.CFrame = CFrame.new(0.291724, 0.018291, -0.094418, 0.566187, -0.397461, 0.72212, 0.198256, 0.916012, 0.348735, -0.800079, -0.054285, 0.597433)
    Right Arm.CFrame = CFrame.new(-0.531777, -0.628584, 0.585069, -0.528984, -0.844965, 0.078811, 0.681458, -0.367596, 0.632841, -0.505758, 0.388469, 0.770261)
    Head.CFrame = CFrame.new(-0, 0, 0, 0.601862, -0.790098, 0.116222, 0.710833, 0.596342, 0.372953, -0.363977, -0.141851, 0.920543)
    Left Arm.CFrame = CFrame.new(0.600038, -0.497693, -0.135086, 0.723728, -0.681374, 0.109303, 0.601649, 0.700591, 0.383654, -0.337989, -0.2119, 0.916986)
    Right Leg.CFrame = CFrame.new(0.801427, 1.04044, -0.435353, 0.936982, -0.348986, 0.016572, 0.227264, 0.64483, 0.729757, -0.265361, -0.680002, 0.683506)

[84]
    Time: 6.800000
    HumanoidRootPart.CFrame = CFrame.new(0, 0, 0, 1, 0, 0, 0, 1, 0, 0, 0, 1)
    Torso.CFrame = CFrame.new(-1.69288, -0.054406, -0.348932, 0.70912, 0.551965, -0.438729, -0.68413, 0.689202, -0.238679, 0.17063, 0.469399, 0.866343)
    Left Leg.CFrame = CFrame.new(0.203479, -0.077429, -0.056592, 0.63171, -0.245209, 0.735401, 0.105415, 0.967014, 0.231885, -0.768004, -0.068962, 0.636721)
    Right Arm.CFrame = CFrame.new(-0.433344, -0.667535, 0.637952, -0.643652, -0.764023, 0.044511, 0.58853, -0.456951, 0.666955, -0.489229, 0.455483, 0.743767)
    Head.CFrame = CFrame.new(0, 0, 0, 0.533485, -0.841909, 0.081139, 0.729831, 0.506694, 0.458921, -0.427482, -0.18561, 0.884764)
    Left Arm.CFrame = CFrame.new(0.645924, -0.457964, -0.21855, 0.756419, -0.646535, -0.099107, 0.629197, 0.760635, -0.15983, 0.17872, 0.058541, 0.982157)
    Right Leg.CFrame = CFrame.new(0.740173, 0.926054, -0.237152, 0.924942, -0.376447, -0.05263, 0.302122, 0.644067, 0.70278, -0.230663, -0.665931, 0.709458)

[85]
    Time: 6.866667
    HumanoidRootPart.CFrame = CFrame.new(0, 0, 0, 1, 0, 0, 0, 1, 0, 0, 0, 1)
    Torso.CFrame = CFrame.new(-1.52402, -0.051813, 0.065651, 0.827276, 0.459578, -0.323115, -0.534077, 0.821793, -0.19854, 0.174289, 0.336815, 0.925299)
    Left Leg.CFrame = CFrame.new(0.074474, -0.122415, 0.029179, 0.620474, -0.066008, 0.781444, 0.072274, 0.997024, 0.026832, -0.78089, 0.03983, 0.623398)
    Right Arm.CFrame = CFrame.new(-0.415593, -0.739072, 0.584496, -0.683778, -0.728411, 0.043189, 0.596075, -0.52345, 0.608848, -0.420884, 0.442061, 0.79211)
    Head.CFrame = CFrame.new(-0, -0, 0, 0.482449, -0.875649, -0.021941, 0.800262, 0.430453, 0.417482, -0.356123, -0.218972, 0.90842)
    Left Arm.CFrame = CFrame.new(0.67263, -0.337992, -0.262138, 0.700486, -0.534403, -0.473004, 0.36465, 0.837744, -0.406467, 0.613474, 0.112244, 0.781698)
    Right Leg.CFrame = CFrame.new(0.15077, 0.328864, 0.146791, 0.906737, -0.377895, -0.187144, 0.412718, 0.704174, 0.577756, -0.086549, -0.601111, 0.794465)

[86]
    Time: 6.933333
    HumanoidRootPart.CFrame = CFrame.new(0, 0, 0, 1, 0, 0, 0, 1, 0, 0, 0, 1)
    Torso.CFrame = CFrame.new(-1.10081, 0.049426, 0.21541, 0.931581, 0.301659, -0.202876, -0.322841, 0.943048, -0.080216, 0.167124, 0.140225, 0.975913)
    Left Leg.CFrame = CFrame.new(0.066127, -0.254994, -0.194588, 0.561738, 0.125381, 0.817759, 0.165568, 0.951416, -0.259606, -0.810579, 0.281225, 0.513687)
    Right Arm.CFrame = CFrame.new(-0.337376, -0.809821, 0.493213, -0.696152, -0.716722, 0.041012, 0.62039, -0.571872, 0.53673, -0.361232, 0.399089, 0.842757)
    Head.CFrame = CFrame.new(0, -0, 0, 0.643361, -0.765253, -0.02179, 0.73959, 0.613931, 0.275853, -0.197719, -0.193588, 0.960953)
    Left Arm.CFrame = CFrame.new(0.67878, -0.181388, -0.125997, 0.780153, -0.014632, -0.625418, -0.065149, 0.99239, -0.104485, 0.622187, 0.122259, 0.773263)
    Right Leg.CFrame = CFrame.new(-0.019623, 0.078097, 0.131058, 0.794405, 0.355573, -0.492431, -0.213954, 0.922588, 0.321022, 0.568458, -0.149664, 0.808985)

[87]
    Time: 7.000000
    HumanoidRootPart.CFrame = CFrame.new(0, 0, 0, 1, 0, 0, 0, 1, 0, 0, 0, 1)
    Torso.CFrame = CFrame.new(-0.761713, 0.075701, -0.040048, 0.988784, 0.116372, -0.09362, -0.119808, 0.992283, -0.03194, 0.08918, 0.042798, 0.995096)
    Left Leg.CFrame = CFrame.new(-0.097692, -0.199041, -0.050108, 0.665086, 0.01173, 0.746675, 0.331642, 0.891226, -0.309403, -0.669085, 0.453408, 0.588852)
    Right Arm.CFrame = CFrame.new(-0.044924, -0.841484, 0.349783, -0.664005, -0.747728, -0.001072, 0.660028, -0.586797, 0.469077, -0.351371, 0.310762, 0.883157)
    Head.CFrame = CFrame.new(0, -0, 0, 0.793683, -0.605435, -0.059293, 0.604722, 0.774615, 0.185158, -0.066172, -0.182813, 0.980918)
    Left Arm.CFrame = CFrame.new(0.589739, -0.307288, -0.104486, 0.81848, 0.550926, -0.163006, -0.527394, 0.833, 0.167232, 0.227916, -0.050908, 0.972349)
    Right Leg.CFrame = CFrame.new(-0.650041, 0.012431, -0.443732, 0.591096, 0.439652, -0.676248, -0.451851, 0.87498, 0.1739, 0.668159, 0.202772, 0.715854)

[88]
    Time: 7.066667
    HumanoidRootPart.CFrame = CFrame.new(0, 0, 0, 1, 0, 0, 0, 1, 0, 0, 0, 1)
    Torso.CFrame = CFrame.new(-0.464763, 0.068672, -0.15514, 0.997651, -0.068346, -0.004627, 0.0683, 0.99762, -0.009411, 0.00526, 0.009073, 0.999945)
    Left Leg.CFrame = CFrame.new(-0.289821, -0.106617, 0.024278, 0.800664, -0.131921, 0.584409, 0.359588, 0.886034, -0.292643, -0.4792, 0.444456, 0.756853)
    Right Arm.CFrame = CFrame.new(-0.173015, -0.555279, 0.108371, -0.030155, -0.999513, 0.008067, 0.91602, -0.024405, 0.40039, -0.399998, 0.019463, 0.91631)
    Head.CFrame = CFrame.new(0, -0, 0, 0.893359, -0.436305, -0.107457, 0.447593, 0.885144, 0.1272, 0.039617, -0.161732, 0.986039)
    Left Arm.CFrame = CFrame.new(0.929526, -0.544598, -0.072063, 0.145215, 0.98909, 0.02478, -0.928252, 0.127529, 0.349406, 0.342433, -0.073741, 0.936644)
    Right Leg.CFrame = CFrame.new(-0.465989, -0.011321, -0.302086, 0.461536, 0.548167, -0.697494, -0.625961, 0.758367, 0.181805, 0.628616, 0.352695, 0.693144)

[89]
    Time: 7.133333
    HumanoidRootPart.CFrame = CFrame.new(0, 0, 0, 1, 0, 0, 0, 1, 0, 0, 0, 1)
    Torso.CFrame = CFrame.new(-0.116648, -0.03358, -0.007934, 0.945984, -0.307476, 0.102825, 0.314653, 0.947142, -0.06257, -0.078151, 0.091545, 0.99273)
    Left Leg.CFrame = CFrame.new(-0.43767, 0.214712, 0.082229, 0.918372, -0.175605, 0.35462, 0.154993, 0.984169, 0.085962, -0.364101, -0.023982, 0.931051)
    Right Arm.CFrame = CFrame.new(-0.022617, -0.218699, -0.022384, 0.696, -0.661789, -0.278605, 0.607945, 0.33665, 0.719076, -0.382084, -0.669853, 0.636639)
    Head.CFrame = CFrame.new(0, -0, 0, 0.968063, -0.191142, -0.162233, 0.220688, 0.956726, 0.189661, 0.11896, -0.219407, 0.968354)
    Left Arm.CFrame = CFrame.new(0.452578, -0.980185, 0.103845, -0.562531, 0.8084, 0.173346, -0.76723, -0.588542, 0.254904, 0.308086, 0.010395, 0.951302)
    Right Leg.CFrame = CFrame.new(-0.162673, 0.022379, -0.053642, 0.529211, 0.421592, -0.73634, -0.482258, 0.863474, 0.147782, 0.698114, 0.276898, 0.660276)

[90]
    Time: 7.200000
    HumanoidRootPart.CFrame = CFrame.new(0, 0, 0, 1, 0, 0, 0, 1, 0, 0, 0, 1)
    Torso.CFrame = CFrame.new(0.096968, -0.114476, -0.168659, 0.824701, -0.531562, 0.193158, 0.556908, 0.822783, -0.113497, -0.098597, 0.201173, 0.974581)
    Left Leg.CFrame = CFrame.new(-0.532034, 0.552037, 0.051525, 0.965186, 0.152345, 0.21262, -0.237189, 0.852436, 0.465934, -0.110262, -0.500144, 0.858894)
    Right Arm.CFrame = CFrame.new(-0.749028, -0.121911, -0.194569, 0.85935, -0.248472, -0.446966, 0.509883, 0.349328, 0.786122, -0.039191, -0.903455, 0.426887)
    Head.CFrame = CFrame.new(0, 0, 0, 0.984228, 0.078499, -0.158534, -0.027562, 0.953258, 0.300898, 0.174744, -0.291783, 0.940387)
    Left Arm.CFrame = CFrame.new(0.13107, -0.926491, 0.171449, -0.748666, 0.639996, 0.17293, -0.611106, -0.76735, 0.194225, 0.257001, 0.039731, 0.965594)
    Right Leg.CFrame = CFrame.new(-0.38023, 0.163822, -0.055918, 0.438052, 0.315823, -0.841645, -0.086838, 0.946742, 0.310063, 0.894746, -0.062736, 0.442147)
