[1]
    Time: 0.000000
    HumanoidRootPart.CFrame = CFrame.new(0, 0, 0, 1, 0, 0, 0, 1, 0, 0, 0, 1)
    Torso.CFrame = CFrame.new(-0.0881157, -0.0380974, -0.00567055, 0.995854, 0.0799014, -0.0434907, -0.0815087, 0.996003, -0.0365313, 0.040398, 0.0399247, 0.998386)
    Head.CFrame = CFrame.new(0.00807785, 0.00825618, -0.000291377, 0.99994, 0.00111278, 0.0108752, -0.00050927, 0.998468, -0.0553384, -0.0109202, 0.0553295, 0.998408)
    Left Leg.CFrame = CFrame.new(-0.830364, -0.255235, 0.193084, 0.398438, -0.899342, 0.180085, 0.911764, 0.409705, 0.0287878, -0.0996718, 0.152725, 0.98323)
    Right Arm.CFrame = CFrame.new(-0.145738, -0.0329172, 0.0105249, 0.985229, -0.166332, -0.0406971, 0.169992, 0.978661, 0.115434, 0.0206283, -0.120647, 0.992481)
    Right Leg.CFrame = CFrame.new(0.278011, 0.0318072, -0.0367381, 0.991939, 0.0879691, 0.0912057, -0.0905497, 0.995589, 0.0245576, -0.0886432, -0.0326182, 0.995529)
    Left Arm.CFrame = CFrame.new(0.165984, -0.0213294, 0.0806192, 0.988481, 0.123158, 0.0879654, -0.139148, 0.968149, 0.208149, -0.0595284, -0.217991, 0.974134)

[2]
    Time: 0.033333
    HumanoidRootPart.CFrame = CFrame.new(0, 0, 0, 1, 0, 0, 0, 1, 0, 0, 0, 1)
    Torso.CFrame = CFrame.new(-0.114822, -0.0514831, -0.0488577, 0.994164, 0.0920003, -0.0563309, -0.0948344, 0.994242, -0.0498897, 0.0514167, 0.0549407, 0.997165)
    Head.CFrame = CFrame.new(0.010284, 0.0112615, -0.00053677, 0.999801, -0.0122624, 0.0157556, 0.0129882, 0.998819, -0.0468225, -0.0151628, 0.0470178, 0.998779)
    Left Leg.CFrame = CFrame.new(-0.867961, -0.272846, 0.197127, 0.356946, -0.916897, 0.178577, 0.930084, 0.366611, 0.0232672, -0.0868018, 0.157786, 0.983651)
    Right Arm.CFrame = CFrame.new(-0.147395, -0.0406126, 0.00804734, 0.958117, -0.286346, 0.00413403, 0.284626, 0.953755, 0.09664, -0.0316153, -0.0914158, 0.995311)
    Right Leg.CFrame = CFrame.new(0.429798, 0.0647624, -0.0514611, 0.981236, 0.169778, 0.091389, -0.172872, 0.984573, 0.0270197, -0.0853918, -0.0423113, 0.995449)
    Left Arm.CFrame = CFrame.new(0.185277, -0.0322134, 0.0846079, 0.977357, 0.191587, 0.0898175, -0.206381, 0.956787, 0.204857, -0.0466883, -0.218755, 0.974662)

[3]
    Time: 0.066667
    HumanoidRootPart.CFrame = CFrame.new(0, 0, 0, 1, 0, 0, 0, 1, 0, 0, 0, 1)
    Torso.CFrame = CFrame.new(-0.149647, -0.0831947, -0.144784, 0.989879, 0.117849, -0.0790695, -0.124286, 0.988841, -0.0821337, 0.0685077, 0.0911297, 0.99348)
    Head.CFrame = CFrame.new(0.013691, 0.018494, -0.00128016, 0.998654, -0.0443151, 0.0269316, 0.0450221, 0.998641, -0.0262382, -0.0257323, 0.0274155, 0.999293)
    Left Leg.CFrame = CFrame.new(-0.931767, -0.309436, 0.211015, 0.266319, -0.945605, 0.186833, 0.962173, 0.272352, 0.0069206, -0.0574287, 0.177923, 0.982367)
    Right Arm.CFrame = CFrame.new(-0.148426, -0.0670342, 0.00358093, 0.867106, -0.491045, 0.0836764, 0.486696, 0.87095, 0.0676265, -0.106086, -0.0179144, 0.994196)
    Right Leg.CFrame = CFrame.new(0.621773, 0.142919, -0.0654628, 0.962021, 0.259796, 0.0838015, -0.263341, 0.964094, 0.034273, -0.0718886, -0.0550397, 0.995893)
    Left Arm.CFrame = CFrame.new(0.221876, -0.0620314, 0.0903023, 0.942673, 0.32008, 0.0944297, -0.332824, 0.922433, 0.195821, -0.0244266, -0.216024, 0.976082)

[4]
    Time: 0.100000
    HumanoidRootPart.CFrame = CFrame.new(0, 0, 0, 1, 0, 0, 0, 1, 0, 0, 0, 1)
    Torso.CFrame = CFrame.new(-0.161846, -0.121571, -0.242304, 0.9855, 0.141671, -0.0933813, -0.152606, 0.980628, -0.122798, 0.0741755, 0.135268, 0.988029)
    Head.CFrame = CFrame.new(0.0148118, 0.0273264, -0.00237569, 0.995789, -0.0827854, 0.039392, 0.0828971, 0.996557, -0.0012089, -0.0391563, 0.00446929, 0.999223)
    Left Leg.CFrame = CFrame.new(-0.979829, -0.331039, 0.232713, 0.183937, -0.96127, 0.205252, 0.982575, 0.185494, -0.0118043, -0.0267258, 0.203847, 0.978638)
    Right Arm.CFrame = CFrame.new(-0.144664, -0.106319, -0.000459582, 0.791456, -0.598087, 0.126054, 0.597006, 0.800651, 0.0504145, -0.131078, 0.0353544, 0.990742)
    Right Leg.CFrame = CFrame.new(0.740187, 0.229888, -0.0619973, 0.951042, 0.30247, 0.0634904, -0.305085, 0.951631, 0.0363493, -0.0494249, -0.0539397, 0.99732)
    Left Arm.CFrame = CFrame.new(0.245105, -0.0992061, 0.089803, 0.911665, 0.398499, 0.100329, -0.410583, 0.893416, 0.182287, -0.0169943, -0.207378, 0.978113)

[5]
    Time: 0.133333
    HumanoidRootPart.CFrame = CFrame.new(0, 0, 0, 1, 0, 0, 0, 1, 0, 0, 0, 1)
    Torso.CFrame = CFrame.new(-0.156868, -0.167259, -0.290846, 0.985188, 0.147431, -0.0875727, -0.16102, 0.970989, -0.176783, 0.0589689, 0.188265, 0.980346)
    Head.CFrame = CFrame.new(0.011767, 0.0379286, -0.0039179, 0.992138, -0.115127, 0.049075, 0.114262, 0.993247, 0.0200978, -0.0510574, -0.0143324, 0.998593)
    Left Leg.CFrame = CFrame.new(-1.03178, -0.257115, 0.25303, 0.195166, -0.957527, 0.212256, 0.98028, 0.197286, -0.011358, -0.0309997, 0.210288, 0.977148)
    Right Arm.CFrame = CFrame.new(-0.130239, -0.13938, -0.000940055, 0.818551, -0.560535, 0.125594, 0.560241, 0.827313, 0.0410213, -0.1269, 0.036785, 0.991233)
    Right Leg.CFrame = CFrame.new(0.767307, 0.279705, -0.0396316, 0.958608, 0.282713, 0.0338388, -0.283336, 0.958901, 0.0151918, -0.0281531, -0.0241507, 0.999312)
    Left Arm.CFrame = CFrame.new(0.240055, -0.128841, 0.0779797, 0.927966, 0.35726, 0.106038, -0.370746, 0.913861, 0.165543, -0.0377627, -0.192931, 0.980485)

[6]
    Time: 0.166667
    HumanoidRootPart.CFrame = CFrame.new(0, 0, 0, 1, 0, 0, 0, 1, 0, 0, 0, 1)
    Torso.CFrame = CFrame.new(-0.142178, -0.196239, -0.20746, 0.98719, 0.139329, -0.0777362, -0.153008, 0.964816, -0.213818, 0.0452102, 0.222973, 0.973776)
    Head.CFrame = CFrame.new(0.00900557, 0.0448633, -0.00523373, 0.990263, -0.128746, 0.0529422, 0.127341, 0.991431, 0.0291242, -0.0562382, -0.0220989, 0.998173)
    Left Leg.CFrame = CFrame.new(-1.05103, -0.0997514, 0.26133, 0.349246, -0.91173, 0.216277, 0.935076, 0.354009, -0.0176212, -0.0604983, 0.20839, 0.976173)
    Right Arm.CFrame = CFrame.new(-0.101449, -0.167739, -0.00285542, 0.901085, -0.423279, 0.0942397, 0.421755, 0.905974, 0.0365289, -0.100841, 0.00683044, 0.994879)
    Right Leg.CFrame = CFrame.new(0.634775, 0.235363, -0.0153075, 0.986944, 0.160901, 0.00728136, -0.160917, 0.986966, 0.00168109, -0.00691603, -0.00283087, 0.999972)
    Left Arm.CFrame = CFrame.new(0.206396, -0.151985, 0.0645788, 0.965513, 0.235902, 0.110157, -0.250561, 0.956878, 0.146977, -0.070735, -0.16951, 0.982987)

[7]
    Time: 0.200000
    HumanoidRootPart.CFrame = CFrame.new(0, 0, 0, 1, 0, 0, 0, 1, 0, 0, 0, 1)
    Torso.CFrame = CFrame.new(-0.11758, -0.200497, -0.0442896, 0.988636, 0.131198, -0.0733858, -0.144396, 0.96456, -0.220846, 0.0418104, 0.228933, 0.972544)
    Head.CFrame = CFrame.new(0.00833537, 0.0460584, -0.00546667, 0.992183, -0.112789, 0.05339, 0.113971, 0.99329, -0.0196147, -0.0508194, 0.0255463, 0.998381)
    Left Leg.CFrame = CFrame.new(-1.0018, 0.011362, 0.25917, 0.524539, -0.820975, 0.22552, 0.847085, 0.52984, -0.0414335, -0.0854736, 0.212768, 0.973357)
    Right Arm.CFrame = CFrame.new(-0.0695807, -0.196186, -0.00529188, 0.964994, -0.258539, 0.0441053, 0.257033, 0.965692, 0.0370382, -0.052168, -0.0244051, 0.99834)
    Right Leg.CFrame = CFrame.new(0.421082, 0.151678, -0.0174598, 0.999794, -0.000715539, 0.0203073, 0.000253349, 0.999741, 0.0227493, -0.0203183, -0.0227395, 0.999535)
    Left Arm.CFrame = CFrame.new(0.158904, -0.173376, 0.0545671, 0.988012, 0.106864, 0.111412, -0.120913, 0.984365, 0.128087, -0.0959827, -0.140023, 0.985485)

[8]
    Time: 0.233333
    HumanoidRootPart.CFrame = CFrame.new(0, 0, 0, 1, 0, 0, 0, 1, 0, 0, 0, 1)
    Torso.CFrame = CFrame.new(-0.0946312, -0.198376, 0.0741749, 0.990097, 0.122996, -0.0676722, -0.135076, 0.965963, -0.220614, 0.0382343, 0.22757, 0.973011)
    Head.CFrame = CFrame.new(0.00763022, 0.0457866, -0.00535089, 0.995525, -0.0798897, 0.0504744, 0.0850531, 0.990268, -0.110158, -0.0411827, 0.113958, 0.992632)
    Left Leg.CFrame = CFrame.new(-0.951761, 0.0794976, 0.246424, 0.639491, -0.735508, 0.223783, 0.76145, 0.646103, -0.0523995, -0.106047, 0.203909, 0.973229)
    Right Arm.CFrame = CFrame.new(-0.0613219, -0.219371, -0.00335974, 0.989227, -0.145893, -0.0120111, 0.146279, 0.988315, 0.0428449, 0.00561997, -0.0441403, 0.99901)
    Right Leg.CFrame = CFrame.new(0.359076, 0.125744, -0.0208539, 0.998468, -0.0366371, 0.0414723, 0.0349278, 0.99854, 0.0412132, -0.0429217, -0.0397015, 0.998289)
    Left Arm.CFrame = CFrame.new(0.123752, -0.193261, 0.0434878, 0.993515, 0.033383, 0.108685, -0.0454427, 0.992843, 0.110447, -0.10422, -0.11467, 0.987921)

[9]
    Time: 0.266667
    HumanoidRootPart.CFrame = CFrame.new(0, 0, 0, 1, 0, 0, 0, 1, 0, 0, 0, 1)
    Torso.CFrame = CFrame.new(-0.0756378, -0.19146, 0.150085, 0.991526, 0.114587, -0.0612055, -0.125201, 0.968575, -0.214912, 0.0346559, 0.220753, 0.974714)
    Head.CFrame = CFrame.new(0.00691682, 0.0444232, -0.00499716, 0.997676, -0.0531635, 0.0426163, 0.0593009, 0.985521, -0.158846, -0.0335544, 0.161004, 0.986383)
    Left Leg.CFrame = CFrame.new(-0.914843, 0.12723, 0.228854, 0.71416, -0.666182, 0.214889, 0.689635, 0.722217, -0.0529649, -0.119912, 0.186021, 0.975201)
    Right Arm.CFrame = CFrame.new(-0.0764996, -0.224442, -0.000315011, 0.993556, -0.0956241, -0.0608424, 0.0988685, 0.993701, 0.0527523, 0.0554148, -0.0584278, 0.996752)
    Right Leg.CFrame = CFrame.new(0.364025, 0.116682, -0.0166971, 0.999366, -0.00146385, 0.0355823, -0.000103386, 0.999031, 0.0440077, -0.0356122, -0.0439835, 0.998397)
    Left Arm.CFrame = CFrame.new(0.102901, -0.206784, 0.0329379, 0.994804, 0.0127651, 0.101, -0.022482, 0.99516, 0.0956611, -0.0992904, -0.0974348, 0.990277)

[10]
    Time: 0.300000
    HumanoidRootPart.CFrame = CFrame.new(0, 0, 0, 1, 0, 0, 0, 1, 0, 0, 0, 1)
    Torso.CFrame = CFrame.new(-0.0576935, -0.181385, 0.208765, 0.992928, 0.105487, -0.0544634, -0.114531, 0.971915, -0.205582, 0.0312475, 0.210366, 0.977123)
    Head.CFrame = CFrame.new(0.00623383, 0.0423434, -0.00451556, 0.998625, -0.0397292, 0.0342013, 0.0446071, 0.986706, -0.156273, -0.0275381, 0.157584, 0.987122)
    Left Leg.CFrame = CFrame.new(-0.878282, 0.159075, 0.207776, 0.772234, -0.602023, 0.203036, 0.622108, 0.78138, -0.0492716, -0.128986, 0.16436, 0.977931)
    Right Arm.CFrame = CFrame.new(-0.104033, -0.211891, 0.00186509, 0.991316, -0.0963729, -0.0894712, 0.102258, 0.992716, 0.0637004, 0.0826806, -0.0722964, 0.99395)
    Right Leg.CFrame = CFrame.new(0.368812, 0.104087, -0.0115248, 0.998598, 0.0454376, 0.0271505, -0.0466386, 0.997881, 0.0453703, -0.0250314, -0.0465729, 0.998601)
    Left Arm.CFrame = CFrame.new(0.0944073, -0.211279, 0.025604, 0.995821, 0.0262585, 0.0874743, -0.0337492, 0.995785, 0.0852868, -0.084866, -0.0878826, 0.992509)

[11]
    Time: 0.333333
    HumanoidRootPart.CFrame = CFrame.new(0, 0, 0, 1, 0, 0, 0, 1, 0, 0, 0, 1)
    Torso.CFrame = CFrame.new(-0.0421028, -0.169888, 0.247413, 0.994461, 0.093732, -0.0475601, -0.101264, 0.975646, -0.194578, 0.0281635, 0.198317, 0.979733)
    Head.CFrame = CFrame.new(0.00562394, 0.0399302, -0.0039956, 0.999155, -0.0310938, 0.0268839, 0.0347405, 0.988377, -0.147999, -0.0219696, 0.148807, 0.988622)
    Left Leg.CFrame = CFrame.new(-0.846359, 0.179716, 0.184075, 0.817074, -0.54507, 0.187856, 0.561114, 0.826676, -0.0419242, -0.132444, 0.139664, 0.981301)
    Right Arm.CFrame = CFrame.new(-0.132731, -0.187575, 0.0037424, 0.986959, -0.133668, -0.0896879, 0.140303, 0.987469, 0.0722528, 0.0789061, -0.083894, 0.993346)
    Right Leg.CFrame = CFrame.new(0.419754, 0.0988146, -0.00684366, 0.990981, 0.132914, 0.0170161, -0.133572, 0.989955, 0.0463482, -0.0106848, -0.0482031, 0.998781)
    Left Arm.CFrame = CFrame.new(0.0981167, -0.199137, 0.02204, 0.996079, 0.0565208, 0.0680586, -0.0619343, 0.994849, 0.080252, -0.0631721, -0.0841525, 0.994449)

[12]
    Time: 0.366667
    HumanoidRootPart.CFrame = CFrame.new(0, 0, 0, 1, 0, 0, 0, 1, 0, 0, 0, 1)
    Torso.CFrame = CFrame.new(-0.0318069, -0.152477, 0.26873, 0.995873, 0.0804667, -0.0419786, -0.0866507, 0.980558, -0.176063, 0.0269952, 0.178974, 0.983483)
    Head.CFrame = CFrame.new(0.00539137, 0.0360668, -0.00325066, 0.999447, -0.0261073, 0.0206122, 0.0286573, 0.990421, -0.135076, -0.0168883, 0.135592, 0.990621)
    Left Leg.CFrame = CFrame.new(-0.815177, 0.18317, 0.159853, 0.849007, -0.499686, 0.171759, 0.511754, 0.858538, -0.0319291, -0.131507, 0.115007, 0.984621)
    Right Arm.CFrame = CFrame.new(-0.154469, -0.15667, 0.00578427, 0.98026, -0.185125, -0.0694176, 0.19033, 0.978629, 0.0778444, 0.0535231, -0.08952, 0.994546)
    Right Leg.CFrame = CFrame.new(0.518013, 0.0928132, -0.00194454, 0.964059, 0.26556, 0.00831505, -0.265645, 0.962842, 0.0486695, 0.00491859, -0.0491291, 0.99878)
    Left Arm.CFrame = CFrame.new(0.10766, -0.170529, 0.0216442, 0.995046, 0.0881737, 0.0459336, -0.0916203, 0.992632, 0.079296, -0.0386033, -0.0831116, 0.995792)

[13]
    Time: 0.400000
    HumanoidRootPart.CFrame = CFrame.new(0, 0, 0, 1, 0, 0, 0, 1, 0, 0, 0, 1)
    Torso.CFrame = CFrame.new(-0.0265045, -0.127041, 0.27769, 0.996932, 0.0679295, -0.0388923, -0.0729548, 0.986415, -0.147185, 0.0283658, 0.149571, 0.988344)
    Head.CFrame = CFrame.new(0.00566387, 0.0301879, -0.00228214, 0.999604, -0.023639, 0.0152912, 0.0252873, 0.992628, -0.118535, -0.0123764, 0.118874, 0.992832)
    Left Leg.CFrame = CFrame.new(-0.77548, 0.164676, 0.137414, 0.87095, -0.465246, 0.158088, 0.474242, 0.880103, -0.0226267, -0.128607, 0.0946788, 0.987166)
    Right Arm.CFrame = CFrame.new(-0.167104, -0.124256, 0.00761288, 0.970107, -0.239297, -0.040358, 0.241884, 0.966903, 0.081182, 0.0195957, -0.0885172, 0.995882)
    Right Leg.CFrame = CFrame.new(0.620472, 0.0702467, 0.00366107, 0.910846, 0.412731, 0.00345518, -0.412321, 0.909498, 0.0529587, 0.0187153, -0.0496619, 0.998591)
    Left Arm.CFrame = CFrame.new(0.115535, -0.135903, 0.0245974, 0.993732, 0.10895, 0.025036, -0.110636, 0.990586, 0.0806115, -0.0160176, -0.0828761, 0.996431)

[14]
    Time: 0.433333
    HumanoidRootPart.CFrame = CFrame.new(0, 0, 0, 1, 0, 0, 0, 1, 0, 0, 0, 1)
    Torso.CFrame = CFrame.new(-0.0217552, -0.0989723, 0.279255, 0.997748, 0.0555807, -0.037536, -0.0595463, 0.991643, -0.114451, 0.030861, 0.116428, 0.992719)
    Head.CFrame = CFrame.new(0.00617049, 0.0235567, -0.0014126, 0.999687, -0.0225743, 0.0108219, 0.0235392, 0.99477, -0.09939, -0.0085216, 0.0996135, 0.99499)
    Left Leg.CFrame = CFrame.new(-0.716508, 0.128344, 0.114825, 0.890796, -0.430292, 0.146052, 0.437218, 0.899185, -0.0175273, -0.123786, 0.0794697, 0.989122)
    Right Arm.CFrame = CFrame.new(-0.17335, -0.0957527, 0.00900191, 0.957444, -0.288269, -0.0141924, 0.288432, 0.953904, 0.0829141, -0.0103634, -0.0834792, 0.996456)
    Right Leg.CFrame = CFrame.new(0.699468, 0.0291361, 0.0103328, 0.837825, 0.545939, 0.000752124, -0.545047, 0.836374, 0.0583237, 0.0312121, -0.049275, 0.998298)
    Left Arm.CFrame = CFrame.new(0.121015, -0.10644, 0.0298364, 0.992907, 0.118532, 0.00928453, -0.118894, 0.989474, 0.0824885, 0.000590752, -0.0830073, 0.996549)

[15]
    Time: 0.466667
    HumanoidRootPart.CFrame = CFrame.new(0, 0, 0, 1, 0, 0, 0, 1, 0, 0, 0, 1)
    Torso.CFrame = CFrame.new(-0.017334, -0.0736961, 0.273763, 0.998366, 0.0429211, -0.0377252, -0.0459826, 0.995368, -0.0844323, 0.0339265, 0.0860291, 0.995715)
    Head.CFrame = CFrame.new(0.00677727, 0.0174764, -0.00081864, 0.999737, -0.0218107, 0.00712874, 0.0223043, 0.996652, -0.0786539, -0.00538938, 0.0787922, 0.996877)
    Left Leg.CFrame = CFrame.new(-0.627464, 0.0812117, 0.0899659, 0.913857, -0.383266, 0.134062, 0.388882, 0.921121, -0.0175144, -0.116775, 0.0681401, 0.990818)
    Right Arm.CFrame = CFrame.new(-0.176194, -0.0759997, 0.00897765, 0.945809, -0.324714, -0.00261509, 0.323789, 0.942445, 0.0834145, -0.0246212, -0.0797409, 0.996512)
    Right Leg.CFrame = CFrame.new(0.751115, -0.0243292, 0.01803, 0.755653, 0.654967, -0.00260589, -0.653653, 0.754377, 0.0604277, 0.041544, -0.043959, 0.998169)
    Left Arm.CFrame = CFrame.new(0.124221, -0.0931632, 0.0364631, 0.992813, 0.119649, 0.0026151, -0.119449, 0.98933, 0.0834145, 0.00739324, -0.0831273, 0.996511)

[16]
    Time: 0.500000
    HumanoidRootPart.CFrame = CFrame.new(0, 0, 0, 1, 0, 0, 0, 1, 0, 0, 0, 1)
    Torso.CFrame = CFrame.new(-0.0106201, -0.0566826, 0.258342, 0.998818, 0.0295747, -0.038585, -0.0319966, 0.997454, -0.0637375, 0.0366017, 0.0648967, 0.99722)
    Head.CFrame = CFrame.new(0.00731537, 0.0132498, -0.000523955, 0.999786, -0.0202557, 0.0041757, 0.0204619, 0.998145, -0.0573377, -0.00300656, 0.0574108, 0.998346)
    Left Leg.CFrame = CFrame.new(-0.475228, 0.028596, 0.0553889, 0.949873, -0.290393, 0.115818, 0.295173, 0.955086, -0.0261372, -0.103026, 0.0590133, 0.992927)
    Right Arm.CFrame = CFrame.new(-0.183508, -0.0587984, 0.0125955, 0.938762, -0.344562, -0.00204352, 0.343524, 0.935439, 0.0833383, -0.0268036, -0.0789368, 0.996519)
    Right Leg.CFrame = CFrame.new(0.784025, -0.0800807, 0.0276893, 0.672897, 0.73967, -0.00983938, -0.738041, 0.672197, 0.0587123, 0.0500418, -0.0322456, 0.998226)
    Left Arm.CFrame = CFrame.new(0.124923, -0.0960057, 0.044518, 0.994282, 0.106781, 0.000635469, -0.106462, 0.990814, 0.0833899, 0.00827484, -0.0829808, 0.996517)

[17]
    Time: 0.533333
    HumanoidRootPart.CFrame = CFrame.new(0, 0, 0, 1, 0, 0, 0, 1, 0, 0, 0, 1)
    Torso.CFrame = CFrame.new(0.0150757, -0.061142, 0.226473, 0.999154, 0.0151944, -0.038206, -0.0176913, 0.99767, -0.0658875, 0.0371159, 0.0665077, 0.997095)
    Head.CFrame = CFrame.new(0.00741107, 0.0135717, -0.000554174, 0.999857, -0.0168233, 0.00197015, 0.016884, 0.999193, -0.0364514, -0.00135534, 0.0364794, 0.999333)
    Left Leg.CFrame = CFrame.new(-0.28807, -0.0107495, 0.0186839, 0.984422, -0.151998, 0.0883753, 0.15635, 0.986695, -0.0445721, -0.0804247, 0.0576953, 0.995089)
    Right Arm.CFrame = CFrame.new(-0.201446, -0.0424028, 0.0217966, 0.935846, -0.352407, -0.00144877, 0.351311, 0.932596, 0.0827388, -0.0278066, -0.0779397, 0.99657)
    Right Leg.CFrame = CFrame.new(0.815304, -0.118683, 0.036551, 0.601328, 0.798873, -0.0143714, -0.796799, 0.600907, 0.0634176, 0.0592985, -0.0266837, 0.997884)
    Left Arm.CFrame = CFrame.new(0.128103, -0.103182, 0.0514759, 0.996013, 0.089192, -0.00188308, -0.0887305, 0.992607, 0.0828136, 0.00925548, -0.0823164, 0.996563)

[18]
    Time: 0.566667
    HumanoidRootPart.CFrame = CFrame.new(0, 0, 0, 1, 0, 0, 0, 1, 0, 0, 0, 1)
    Torso.CFrame = CFrame.new(0.0371513, -0.0924187, 0.156955, 0.999353, -0.00238556, -0.0358827, -0.00109287, 0.995322, -0.0966082, 0.0359453, 0.0965849, 0.994676)
    Head.CFrame = CFrame.new(0.00718322, 0.0195795, -0.00104293, 0.999945, -0.0104321, 0.000556668, 0.01044, 0.999801, -0.0170033, -0.000379175, 0.0170082, 0.999855)
    Left Leg.CFrame = CFrame.new(-0.303869, 0.000225008, 0.00764978, 0.99183, -0.11618, 0.0526893, 0.118544, 0.991963, -0.0442324, -0.0471269, 0.050117, 0.997631)
    Right Arm.CFrame = CFrame.new(-0.225643, -0.0383699, 0.0296276, 0.935157, -0.35423, -0.00134829, 0.353166, 0.93204, 0.0810919, -0.0274685, -0.0763099, 0.996706)
    Right Leg.CFrame = CFrame.new(0.860791, -0.143338, 0.0485432, 0.533391, 0.845493, -0.0252044, -0.843259, 0.533849, 0.0626094, 0.0663911, -0.0121415, 0.99772)
    Left Arm.CFrame = CFrame.new(0.137131, -0.109379, 0.0534619, 0.995768, 0.0918738, -0.0022205, -0.0913917, 0.992503, 0.08115, 0.00965942, -0.0806037, 0.996699)

[19]
    Time: 0.600000
    HumanoidRootPart.CFrame = CFrame.new(0, 0, 0, 1, 0, 0, 0, 1, 0, 0, 0, 1)
    Torso.CFrame = CFrame.new(0.051857, -0.138638, 0.0113821, 0.999314, -0.0209191, -0.0305742, 0.0163103, 0.989459, -0.143894, 0.0332621, 0.143297, 0.989121)
    Head.CFrame = CFrame.new(0.00665665, 0.0289345, -0.00216001, 1, 5.58794e-09, -9.31323e-10, -1.86265e-08, 1, 1.49012e-08, -4.88944e-09, 1.49012e-08, 1)
    Left Leg.CFrame = CFrame.new(-0.463031, 0.0567604, 0.00300431, 0.986889, -0.160344, 0.0184211, 0.160862, 0.986481, -0.0312714, -0.0131579, 0.0338247, 0.999341)
    Right Arm.CFrame = CFrame.new(-0.244327, -0.0587421, 0.0293054, 0.93452, -0.355903, -0.00225061, 0.354986, 0.931621, 0.0778892, -0.0256243, -0.073588, 0.99696)
    Right Leg.CFrame = CFrame.new(0.935816, -0.17593, 0.065372, 0.428348, 0.902688, -0.0408851, -0.901008, 0.430109, 0.0564788, 0.0685679, 0.0126452, 0.997566)
    Left Arm.CFrame = CFrame.new(0.148017, -0.110297, 0.046461, 0.990191, 0.139699, 0.00225058, -0.139449, 0.987161, 0.0778892, 0.00865937, -0.077439, 0.99696)

[20]
    Time: 0.633333
    HumanoidRootPart.CFrame = CFrame.new(0, 0, 0, 1, 0, 0, 0, 1, 0, 0, 0, 1)
    Torso.CFrame = CFrame.new(0.064537, -0.186008, -0.216741, 0.999217, -0.0339609, -0.0203066, 0.0294013, 0.980685, -0.193369, 0.0264813, 0.192621, 0.980916)
    Head.CFrame = CFrame.new(0.00530098, 0.0387935, -0.00380221, 0.999892, 0.0146821, 1.81361e-05, -0.014681, 0.999799, 0.0136835, 0.000182753, -0.0136823, 0.999906)
    Left Leg.CFrame = CFrame.new(-0.681011, 0.159379, -0.00635564, 0.966931, -0.254965, -0.00605569, 0.254832, 0.966835, -0.0170625, 0.0102051, 0.0149549, 0.999836)
    Right Arm.CFrame = CFrame.new(-0.223998, -0.112914, 0.0183862, 0.914092, -0.405385, -0.0099862, 0.405005, 0.911454, 0.0722658, -0.0201935, -0.070102, 0.997335)
    Right Leg.CFrame = CFrame.new(1.01638, -0.248094, 0.0784274, 0.257734, 0.964935, -0.0497355, -0.964319, 0.260112, 0.0493227, 0.0605299, 0.0352486, 0.997544)
    Left Arm.CFrame = CFrame.new(0.157042, -0.101836, 0.0284573, 0.970376, 0.241309, 0.0118821, -0.24153, 0.967714, 0.072066, 0.00589179, -0.0728009, 0.997329)

[21]
    Time: 0.666667
    HumanoidRootPart.CFrame = CFrame.new(0, 0, 0, 1, 0, 0, 0, 1, 0, 0, 0, 1)
    Torso.CFrame = CFrame.new(0.0794945, -0.221157, -0.296109, 0.999352, -0.0358257, -0.0036081, 0.0340224, 0.972328, -0.23113, 0.0117886, 0.230857, 0.972916)
    Head.CFrame = CFrame.new(0.00236592, 0.0464437, -0.00540605, 0.99954, 0.0303188, 0.000234896, -0.0303159, 0.999259, 0.023705, 0.000483988, -0.0237013, 0.999719)
    Left Leg.CFrame = CFrame.new(-0.77778, 0.241831, -0.0155437, 0.957373, -0.288311, -0.0177329, 0.288414, 0.957499, 0.00350854, 0.0159677, -0.0084734, 0.999837)
    Right Arm.CFrame = CFrame.new(-0.184082, -0.158454, 0.00976884, 0.883972, -0.467153, -0.019025, 0.46736, 0.881769, 0.0637106, -0.012987, -0.0652099, 0.997787)
    Right Leg.CFrame = CFrame.new(1.04509, -0.259513, 0.0728949, 0.227335, 0.972634, -0.0479735, -0.972557, 0.22927, 0.0396018, 0.049517, 0.0376541, 0.998063)
    Left Arm.CFrame = CFrame.new(0.168518, -0.0884951, 0.00912702, 0.93876, 0.344045, 0.019025, -0.344546, 0.936605, 0.0637106, 0.0041004, -0.0663639, 0.997787)

[22]
    Time: 0.700000
    HumanoidRootPart.CFrame = CFrame.new(0, 0, 0, 1, 0, 0, 0, 1, 0, 0, 0, 1)
    Torso.CFrame = CFrame.new(0.0935974, -0.240284, -0.261777, 0.999417, -0.0293195, 0.0174994, 0.032794, 0.966959, -0.252813, -0.00950888, 0.25324, 0.967357)
    Head.CFrame = CFrame.new(-0.00189341, 0.0509212, -0.00651944, 0.999086, 0.0427479, 0.000498562, -0.0427437, 0.99864, 0.0298638, 0.000778738, -0.0298578, 0.999554)
    Left Leg.CFrame = CFrame.new(-0.726054, 0.256742, -0.0146616, 0.972927, -0.230516, -0.0165751, 0.230911, 0.972567, 0.0281871, 0.00962271, -0.0312515, 0.999465)
    Right Arm.CFrame = CFrame.new(-0.177146, -0.159455, 0.0142483, 0.890333, -0.454965, -0.0177041, 0.455209, 0.888651, 0.0555227, -0.00952812, -0.0574928, 0.998301)
    Right Leg.CFrame = CFrame.new(1.05654, -0.214263, 0.0580735, 0.30554, 0.951235, -0.0423738, -0.951473, 0.306725, 0.024883, 0.0366667, 0.0327148, 0.998792)
    Left Arm.CFrame = CFrame.new(0.187163, -0.0819906, -9.34601e-05, 0.918423, 0.395225, 0.0172293, -0.395552, 0.916758, 0.0556123, 0.00618425, -0.0578907, 0.998304)

[23]
    Time: 0.733333
    HumanoidRootPart.CFrame = CFrame.new(0, 0, 0, 1, 0, 0, 0, 1, 0, 0, 0, 1)
    Torso.CFrame = CFrame.new(0.0926666, -0.243679, -0.135722, 0.999394, -0.0223306, 0.0266966, 0.0284586, 0.965875, -0.25744, -0.0200368, 0.258044, 0.965925)
    Head.CFrame = CFrame.new(-0.00398864, 0.0518765, -0.00680542, 0.998856, 0.0478222, 0.000622547, -0.0478177, 0.998344, 0.0319663, 0.000907195, -0.0319595, 0.999489)
    Left Leg.CFrame = CFrame.new(-0.513824, 0.184467, -0.00443631, 0.997382, -0.0716338, -0.00986957, 0.0719824, 0.996553, 0.0412448, 0.00688102, -0.0418473, 0.9991)
    Right Arm.CFrame = CFrame.new(-0.175184, -0.155019, 0.020917, 0.923312, -0.383942, -0.00920549, 0.38386, 0.921824, 0.0537745, -0.0121605, -0.0531843, 0.998511)
    Right Leg.CFrame = CFrame.new(1.02267, -0.133831, 0.0504824, 0.451852, 0.89111, -0.041868, -0.891456, 0.452804, 0.0165352, 0.0336927, 0.029852, 0.998986)
    Left Arm.CFrame = CFrame.new(0.192037, -0.0918891, 0.0057345, 0.923311, 0.383942, 0.00920547, -0.383859, 0.921824, 0.0537745, 0.0121604, -0.0531842, 0.998511)

[24]
    Time: 0.766667
    HumanoidRootPart.CFrame = CFrame.new(0, 0, 0, 1, 0, 0, 0, 1, 0, 0, 0, 1)
    Torso.CFrame = CFrame.new(0.0761566, -0.223656, 0.0800104, 0.999756, -0.00752129, 0.0207701, 0.01219, 0.97197, -0.23479, -0.018422, 0.234986, 0.971824)
    Head.CFrame = CFrame.new(-0.00366751, 0.0472694, -0.00558802, 0.998981, 0.0450548, -0.00277393, -0.0450711, 0.992174, -0.116443, -0.00249409, 0.116449, 0.993193)
    Left Leg.CFrame = CFrame.new(-0.447233, 0.16714, -0.000478059, 0.999948, -0.00863233, -0.0054373, 0.00882547, 0.99929, 0.0366375, 0.00511716, -0.0366837, 0.999314)
    Right Arm.CFrame = CFrame.new(-0.139272, -0.180098, 0.0229149, 0.95786, -0.287235, 0.000646162, 0.286638, 0.956007, 0.0623615, -0.0185302, -0.0595484, 0.998053)
    Right Leg.CFrame = CFrame.new(0.908528, -0.0674489, 0.0381614, 0.627897, 0.77748, -0.0356339, -0.777446, 0.628693, 0.0179713, 0.036375, 0.0164193, 0.999203)
    Left Arm.CFrame = CFrame.new(0.159679, -0.118349, 0.0205772, 0.950633, 0.310317, -0.000487785, -0.309685, 0.948793, 0.062348, 0.0198104, -0.059119, 0.998054)

[25]
    Time: 0.800000
    HumanoidRootPart.CFrame = CFrame.new(0, 0, 0, 1, 0, 0, 0, 1, 0, 0, 0, 1)
    Torso.CFrame = CFrame.new(0.0572624, -0.185902, 0.294453, 0.999814, 0.0149825, 0.0121145, -0.0123992, 0.98158, -0.190649, -0.0147478, 0.190463, 0.981584)
    Head.CFrame = CFrame.new(-0.00294353, 0.0383506, -0.00359315, 0.999224, 0.0390357, -0.00533578, -0.0390679, 0.964193, -0.262309, -0.0050947, 0.262314, 0.964969)
    Left Leg.CFrame = CFrame.new(-0.496184, 0.161425, 0.00656143, 0.994724, -0.102364, 0.00674168, 0.102129, 0.994348, 0.0290086, -0.00967302, -0.028167, 0.999556)
    Right Arm.CFrame = CFrame.new(-0.0919151, -0.195281, 0.0237273, 0.98398, -0.178174, 0.00607555, 0.177222, 0.981287, 0.0752844, -0.0193756, -0.0730016, 0.997144)
    Right Leg.CFrame = CFrame.new(0.732453, -0.0479525, 0.0193728, 0.76666, 0.641731, -0.0203606, -0.641366, 0.766921, 0.0219481, 0.0296998, -0.00376817, 0.999552)
    Left Arm.CFrame = CFrame.new(0.109438, -0.129345, 0.0321503, 0.980916, 0.194337, -0.00607555, -0.193341, 0.978239, 0.0752843, 0.0205739, -0.072673, 0.997144)

[26]
    Time: 0.833333
    HumanoidRootPart.CFrame = CFrame.new(0, 0, 0, 1, 0, 0, 0, 1, 0, 0, 0, 1)
    Torso.CFrame = CFrame.new(0.0399284, -0.142284, 0.394566, 0.999498, 0.0314313, 0.0039669, -0.0305713, 0.989754, -0.139475, -0.00831013, 0.139284, 0.990218)
    Head.CFrame = CFrame.new(-0.00165516, 0.0281212, -0.00187016, 0.999405, 0.0342393, -0.00409782, -0.034134, 0.965384, -0.258589, -0.00489793, 0.258575, 0.965979)
    Left Leg.CFrame = CFrame.new(-0.644408, 0.176177, 0.0109902, 0.963484, -0.267553, 0.0106243, 0.267233, 0.963315, 0.0246974, -0.0168424, -0.0209566, 0.999638)
    Right Arm.CFrame = CFrame.new(-0.0614689, -0.183875, 0.0224269, 0.997422, -0.0716959, 0.00290971, 0.0711854, 0.993791, 0.0855152, -0.00902273, -0.0850876, 0.996333)
    Right Leg.CFrame = CFrame.new(0.620977, -0.0504103, 0.00912967, 0.81694, 0.576658, -0.00862822, -0.576293, 0.816819, 0.0263031, 0.0222155, -0.0165155, 0.999617)
    Left Arm.CFrame = CFrame.new(0.0705996, -0.121826, 0.0384353, 0.997504, 0.0705364, -0.00310445, -0.0700135, 0.993873, 0.0855234, 0.00911796, -0.0850926, 0.996331)

[27]
    Time: 0.866667
    HumanoidRootPart.CFrame = CFrame.new(0, 0, 0, 1, 0, 0, 0, 1, 0, 0, 0, 1)
    Torso.CFrame = CFrame.new(0.0239754, -0.0966339, 0.399528, 0.999226, 0.0391457, -0.00377344, -0.0393258, 0.995379, -0.087604, 0.000326681, 0.0876846, 0.996148)
    Head.CFrame = CFrame.new(7.6636e-05, 0.0177966, -0.000685692, 0.999526, 0.0307117, -0.00203773, -0.0302581, 0.968314, -0.247896, -0.00564017, 0.247841, 0.968785)
    Left Leg.CFrame = CFrame.new(-0.817092, 0.18333, 0.00890234, 0.898137, -0.439695, 0.00425524, 0.439511, 0.897972, 0.0218026, -0.0134076, -0.0177115, 0.999753)
    Right Arm.CFrame = CFrame.new(-0.0513244, -0.167963, 0.0184417, 0.999967, 0.00304124, -0.00759889, -0.0023226, 0.995677, 0.0928527, 0.00784842, -0.0928319, 0.995651)
    Right Leg.CFrame = CFrame.new(0.627621, -0.0608954, 0.0059166, 0.799378, 0.600815, -0.00411217, -0.600435, 0.799083, 0.030738, 0.0217538, -0.0221022, 0.999519)
    Left Arm.CFrame = CFrame.new(0.0544526, -0.118197, 0.042716, 0.999849, -0.0157604, 0.00725418, 0.0150191, 0.995565, 0.0928666, -0.00868562, -0.0927437, 0.995652)

[28]
    Time: 0.900000
    HumanoidRootPart.CFrame = CFrame.new(0, 0, 0, 1, 0, 0, 0, 1, 0, 0, 0, 1)
    Torso.CFrame = CFrame.new(0.00584412, -0.0494537, 0.402274, 0.998886, 0.0456977, -0.0117388, -0.0460925, 0.998291, -0.0359154, 0.0100774, 0.0364164, 0.999286)
    Head.CFrame = CFrame.new(0.00201571, 0.00754847, -6.31809e-05, 0.999605, 0.0281075, 0.00069881, -0.0271859, 0.972574, -0.231001, -0.00717251, 0.230891, 0.972953)
    Left Leg.CFrame = CFrame.new(-0.904829, 0.150366, 0.00649607, 0.837134, -0.546995, -0.00146432, 0.546925, 0.836977, 0.0184854, -0.00888574, -0.0162755, 0.999828)
    Right Arm.CFrame = CFrame.new(-0.0569167, -0.146456, 0.012762, 0.998821, 0.0427469, -0.0230079, -0.0402766, 0.99429, 0.0988212, 0.0271009, -0.097778, 0.994839)
    Right Leg.CFrame = CFrame.new(0.636815, -0.0707974, 0.00296891, 0.782338, 0.622853, -0.000739984, -0.622472, 0.781901, 0.0340512, 0.0217875, -0.0261791, 0.99942)
    Left Arm.CFrame = CFrame.new(0.0566572, -0.114239, 0.0451291, 0.99796, -0.0597146, 0.0225734, 0.0572095, 0.993458, 0.0988368, -0.0283278, -0.0973438, 0.994848)

[29]
    Time: 0.933333
    HumanoidRootPart.CFrame = CFrame.new(0, 0, 0, 1, 0, 0, 0, 1, 0, 0, 0, 1)
    Torso.CFrame = CFrame.new(-0.0176735, -0.0179901, 0.402715, 0.998433, 0.0519523, -0.0208103, -0.0519871, 0.998647, -0.00113513, 0.0207232, 0.00221521, 0.999783)
    Head.CFrame = CFrame.new(0.00414777, 0.000712872, 2.96533e-05, 0.999652, 0.0260749, 0.00398014, -0.0246709, 0.977676, -0.208663, -0.00933216, 0.208492, 0.97798)
    Left Leg.CFrame = CFrame.new(-0.929758, 0.11011, 0.00787845, 0.801243, -0.598333, -0.00257924, 0.598302, 0.801139, 0.0145159, -0.00661904, -0.013174, 0.999891)
    Right Arm.CFrame = CFrame.new(-0.0784182, -0.11971, 0.006006, 0.997805, 0.0521013, -0.0408792, -0.0475804, 0.993366, 0.104691, 0.0460626, -0.102516, 0.993664)
    Right Leg.CFrame = CFrame.new(0.639007, -0.0682248, -0.000235111, 0.781544, 0.623849, 0.00110316, -0.623501, 0.781047, 0.0348006, 0.0208487, -0.0278861, 0.999394)
    Left Arm.CFrame = CFrame.new(0.0767508, -0.107581, 0.0461507, 0.996864, -0.0680352, 0.0404261, 0.0634897, 0.992475, 0.104702, -0.0472453, -0.101807, 0.993682)

[30]
    Time: 0.966667
    HumanoidRootPart.CFrame = CFrame.new(0, 0, 0, 1, 0, 0, 0, 1, 0, 0, 0, 1)
    Torso.CFrame = CFrame.new(-0.042942, 0.00109482, 0.402321, 0.997808, 0.0586872, -0.0305742, -0.058101, 0.998116, 0.0197209, 0.0316739, -0.0179013, 0.999338)
    Head.CFrame = CFrame.new(0.00634003, -0.00331573, -6.66082e-05, 0.999676, 0.0242634, 0.00767518, -0.0224666, 0.983107, -0.181647, -0.0119529, 0.181415, 0.983334)
    Left Leg.CFrame = CFrame.new(-0.919208, 0.0733691, 0.0136069, 0.786742, -0.617279, 0.00192186, 0.617252, 0.786731, 0.00743384, -0.00610076, -0.00466225, 0.99997)
    Right Arm.CFrame = CFrame.new(-0.107688, -0.089209, -0.000554144, 0.997631, 0.0357779, -0.0587527, -0.0290708, 0.993363, 0.111288, 0.0623444, -0.109316, 0.99205)
    Right Leg.CFrame = CFrame.new(0.625576, -0.0540197, -0.00391534, 0.799202, 0.601055, 0.00295363, -0.600778, 0.798666, 0.0346106, 0.0184439, -0.0294353, 0.999396)
    Left Arm.CFrame = CFrame.new(0.105982, -0.0972581, 0.0466066, 0.997176, -0.0472701, 0.0583614, 0.040557, 0.99296, 0.111288, -0.0632112, -0.108607, 0.992073)

[31]
    Time: 1.000000
    HumanoidRootPart.CFrame = CFrame.new(0, 0, 0, 1, 0, 0, 0, 1, 0, 0, 0, 1)
    Torso.CFrame = CFrame.new(-0.0647621, 0.015686, 0.399306, 0.997086, 0.0652601, -0.0395136, -0.0639239, 0.997369, 0.0341866, 0.0416406, -0.0315611, 0.998634)
    Head.CFrame = CFrame.new(0.00833095, -0.00604521, -0.00021559, 0.999683, 0.0223287, 0.0116432, -0.0203203, 0.988365, -0.150736, -0.0148734, 0.150452, 0.988505)
    Left Leg.CFrame = CFrame.new(-0.889113, 0.0393554, 0.0193309, 0.78567, -0.618585, 0.00858184, 0.618624, 0.785683, -0.00256361, -0.00515692, 0.00732307, 0.99996)
    Right Arm.CFrame = CFrame.new(-0.134825, -0.0581944, -0.00464785, 0.99724, -0.00139401, -0.0742276, 0.0102433, 0.992845, 0.118972, 0.0735306, -0.119404, 0.990119)
    Right Leg.CFrame = CFrame.new(0.588062, -0.0349395, -0.00764042, 0.831176, 0.555976, 0.00616699, -0.555833, 0.830581, 0.034404, 0.0140055, -0.0320236, 0.999389)
    Left Arm.CFrame = CFrame.new(0.133861, -0.084161, 0.0478007, 0.997251, -0.00412386, 0.0739859, -0.00472021, 0.992887, 0.118966, -0.0739503, -0.118988, 0.990138)

[32]
    Time: 1.033333
    HumanoidRootPart.CFrame = CFrame.new(0, 0, 0, 1, 0, 0, 0, 1, 0, 0, 0, 1)
    Torso.CFrame = CFrame.new(-0.0817528, 0.0260735, 0.381641, 0.996466, 0.0691848, -0.0476427, -0.067134, 0.9968, 0.0433795, 0.0504915, -0.0400277, 0.997922)
    Head.CFrame = CFrame.new(0.0101076, -0.00773501, -0.000367254, 0.999678, 0.0199377, 0.0157268, -0.017968, 0.993, -0.11674, -0.0179443, 0.11642, 0.993038)
    Left Leg.CFrame = CFrame.new(-0.834471, 0.0101508, 0.0228589, 0.80067, -0.598904, 0.0155213, 0.599094, 0.800543, -0.0147494, -0.00359202, 0.021108, 0.999771)
    Right Arm.CFrame = CFrame.new(-0.152829, -0.0306795, -0.00388461, 0.994889, -0.0544117, -0.0850572, 0.0650517, 0.989665, 0.127795, 0.0772246, -0.132675, 0.988147)
    Right Leg.CFrame = CFrame.new(0.529695, -0.0152063, -0.00941855, 0.869261, 0.494276, 0.00878266, -0.494257, 0.868603, 0.0351859, 0.00976281, -0.0349265, 0.999342)
    Left Arm.CFrame = CFrame.new(0.152757, -0.0698844, 0.0521494, 0.994889, 0.0544118, 0.0850573, -0.0650517, 0.989665, 0.127795, -0.0772246, -0.132675, 0.988147)

[33]
    Time: 1.066667
    HumanoidRootPart.CFrame = CFrame.new(0, 0, 0, 1, 0, 0, 0, 1, 0, 0, 0, 1)
    Torso.CFrame = CFrame.new(-0.0933533, 0.032093, 0.334748, 0.995832, 0.0730588, -0.0545909, -0.0704543, 0.99635, 0.0482031, 0.0579132, -0.044156, 0.997345)
    Head.CFrame = CFrame.new(0.011587, -0.00855989, -0.000492483, 0.999664, 0.0167727, 0.0197489, -0.0151318, 0.99664, -0.0804907, -0.0210326, 0.0801648, 0.99656)
    Left Leg.CFrame = CFrame.new(-0.748076, -0.0143308, 0.0259448, 0.830629, -0.556259, 0.0251324, 0.556797, 0.830201, -0.0272522, -0.00570572, 0.0366301, 0.999313)
    Right Arm.CFrame = CFrame.new(-0.156714, -0.00984201, 0.00365287, 0.98897, -0.117844, -0.0897251, 0.129488, 0.982003, 0.137488, 0.0719081, -0.14759, 0.986431)
    Right Leg.CFrame = CFrame.new(0.463314, 0.00290906, -0.0109792, 0.905504, 0.424112, 0.0138518, -0.424327, 0.904754, 0.0369679, 0.00314607, -0.0393522, 0.99922)
    Left Arm.CFrame = CFrame.new(0.157141, -0.0558268, 0.0615412, 0.988526, 0.121279, 0.0900399, -0.132947, 0.981537, 0.137511, -0.0717004, -0.147904, 0.986399)

[34]
    Time: 1.100000
    HumanoidRootPart.CFrame = CFrame.new(0, 0, 0, 1, 0, 0, 0, 1, 0, 0, 0, 1)
    Torso.CFrame = CFrame.new(-0.0999451, 0.0345879, 0.244, 0.995445, 0.074434, -0.0595754, -0.0714777, 0.996173, 0.0503067, 0.0630919, -0.0458192, 0.996955)
    Head.CFrame = CFrame.new(0.0126193, -0.00889249, -0.000580341, 0.999643, 0.0126454, 0.0235208, -0.0116188, 0.998995, -0.0432807, -0.0240444, 0.042992, 0.998786)
    Left Leg.CFrame = CFrame.new(-0.616513, -0.0341128, 0.0320358, 0.873429, -0.484929, 0.0443276, 0.486497, 0.872923, -0.0364236, -0.0210317, 0.0533787, 0.998353)
    Right Arm.CFrame = CFrame.new(-0.148045, 0.00411946, 0.0163657, 0.978805, -0.184489, -0.0889072, 0.196078, 0.969533, 0.146828, 0.0591103, -0.161149, 0.985158)
    Right Leg.CFrame = CFrame.new(0.406773, 0.0169235, -0.01133, 0.932308, 0.361187, 0.0186009, -0.36165, 0.93152, 0.0384776, -0.00342946, -0.0426, 0.999086)
    Left Arm.CFrame = CFrame.new(0.148584, -0.0434631, 0.0742053, 0.977822, 0.189346, 0.0895055, -0.200989, 0.96852, 0.146872, -0.0588783, -0.161605, 0.985098)

[35]
    Time: 1.133333
    HumanoidRootPart.CFrame = CFrame.new(0, 0, 0, 1, 0, 0, 0, 1, 0, 0, 0, 1)
    Torso.CFrame = CFrame.new(-0.102657, 0.0217018, 0.0736093, 0.995565, 0.0707024, -0.0620622, -0.0684518, 0.996943, 0.0376716, 0.0645359, -0.0332563, 0.997361)
    Head.CFrame = CFrame.new(0.0129088, -0.00637993, -0.000508457, 0.999607, 0.00784223, 0.0269015, -0.00762422, 0.999937, -0.00819811, -0.0269641, 0.00798977, 0.999604)
    Left Leg.CFrame = CFrame.new(-0.459517, -0.0375327, 0.0346071, 0.921485, -0.382688, 0.0664479, 0.385665, 0.921791, -0.0395367, -0.0461209, 0.0620592, 0.997006)
    Right Arm.CFrame = CFrame.new(-0.135953, 0.012479, 0.0316311, 0.965457, -0.246785, -0.083606, 0.257219, 0.953914, 0.154553, 0.0416115, -0.170719, 0.984441)
    Right Leg.CFrame = CFrame.new(0.374454, 0.0379553, -0.0124478, 0.953101, 0.301007, 0.0315083, -0.302287, 0.951887, 0.0503303, -0.0148427, -0.0574945, 0.998236)
    Left Arm.CFrame = CFrame.new(0.136321, -0.0335809, 0.0868385, 0.964152, 0.251595, 0.0843306, -0.262097, 0.952578, 0.154599, -0.0414351, -0.17116, 0.984372)

[36]
    Time: 1.166667
    HumanoidRootPart.CFrame = CFrame.new(0, 0, 0, 1, 0, 0, 0, 1, 0, 0, 0, 1)
    Torso.CFrame = CFrame.new(-0.101383, -0.00324631, -0.120284, 0.996381, 0.0594974, -0.0607008, -0.0588245, 0.998186, 0.0128148, 0.0613532, -0.00919774, 0.998074)
    Head.CFrame = CFrame.new(0.0122706, -0.00156463, -0.00037396, 0.999551, 0.00279211, 0.0298183, -0.00342544, 0.999769, 0.021211, -0.0297522, -0.0213035, 0.99933)
    Left Leg.CFrame = CFrame.new(-0.423832, -0.0212589, 0.0355873, 0.938719, -0.336991, 0.0724177, 0.339988, 0.939825, -0.0337191, -0.056697, 0.056274, 0.996804)
    Right Arm.CFrame = CFrame.new(-0.123637, 0.0160449, 0.0462672, 0.951833, -0.297415, -0.0745562, 0.305787, 0.938653, 0.159449, 0.02256, -0.174567, 0.984387)
    Right Leg.CFrame = CFrame.new(0.553059, 0.0732613, -0.0144289, 0.925948, 0.376617, 0.0279266, -0.377633, 0.92406, 0.0592161, -0.00350414, -0.065377, 0.997855)
    Left Arm.CFrame = CFrame.new(0.123679, -0.0274794, 0.0960943, 0.950577, 0.301265, 0.0751233, -0.309683, 0.937371, 0.159477, -0.0223737, -0.174859, 0.984339)

[37]
    Time: 1.200000
    HumanoidRootPart.CFrame = CFrame.new(0, 0, 0, 1, 0, 0, 0, 1, 0, 0, 0, 1)
    Torso.CFrame = CFrame.new(-0.0968361, -0.0373116, -0.23759, 0.997406, 0.0454544, -0.0558107, -0.0469692, 0.998554, -0.0261366, 0.054542, 0.0286902, 0.998099)
    Head.CFrame = CFrame.new(0.0109073, 0.00601353, -0.000373989, 0.999477, -0.00205886, 0.0322625, 0.000720747, 0.999141, 0.0414321, -0.0323201, -0.0413872, 0.99862)
    Left Leg.CFrame = CFrame.new(-0.646751, 0.0374283, 0.0442294, 0.897717, -0.436373, 0.0606898, 0.438467, 0.898361, -0.026341, -0.0430268, 0.0502572, 0.997809)
    Right Arm.CFrame = CFrame.new(-0.116787, 0.0148632, 0.0562752, 0.942145, -0.329371, -0.062267, 0.335167, 0.928441, 0.16019, 0.0050493, -0.171792, 0.98512)
    Right Leg.CFrame = CFrame.new(0.735733, 0.130252, -0.0128959, 0.891899, 0.451944, 0.0162166, -0.452151, 0.89047, 0.0512101, 0.00870364, -0.0530066, 0.998556)
    Left Arm.CFrame = CFrame.new(0.116459, -0.0272502, 0.0993673, 0.941269, 0.331867, 0.0622669, -0.337627, 0.927549, 0.160189, -0.00459403, -0.171804, 0.98512)

[38]
    Time: 1.233333
    HumanoidRootPart.CFrame = CFrame.new(0, 0, 0, 1, 0, 0, 0, 1, 0, 0, 0, 1)
    Torso.CFrame = CFrame.new(-0.0902481, -0.0832558, -0.274617, 0.998103, 0.0363039, -0.0497322, -0.040293, 0.995841, -0.0817088, 0.046559, 0.0835576, 0.995415)
    Head.CFrame = CFrame.new(0.00931005, 0.0169832, -0.000912309, 0.999393, -0.00625857, 0.0342745, 0.00457473, 0.998789, 0.048988, -0.0345396, -0.0488015, 0.998211)
    Left Leg.CFrame = CFrame.new(-0.710088, 0.0944175, 0.0407321, 0.905923, -0.420287, 0.0515943, 0.421696, 0.906519, -0.0198907, -0.0384114, 0.0397766, 0.99847)
    Right Arm.CFrame = CFrame.new(-0.128886, -0.00929743, 0.0446679, 0.940153, -0.337058, -0.0500499, 0.340746, 0.928912, 0.144966, -0.00237003, -0.153345, 0.98817)
    Right Leg.CFrame = CFrame.new(0.77919, 0.182348, -0.00902885, 0.905208, 0.424871, 0.00919115, -0.424855, 0.904247, 0.0428302, 0.00988623, -0.0426751, 0.99904)
    Left Arm.CFrame = CFrame.new(0.126383, -0.0523952, 0.078355, 0.93978, 0.338206, 0.0493067, -0.341766, 0.928544, 0.144917, 0.0032284, -0.153041, 0.988215)

[39]
    Time: 1.266667
    HumanoidRootPart.CFrame = CFrame.new(0, 0, 0, 1, 0, 0, 0, 1, 0, 0, 0, 1)
    Torso.CFrame = CFrame.new(-0.0833664, -0.136097, -0.182218, 0.99852, 0.0319444, -0.0440206, -0.0376893, 0.989915, -0.136555, 0.0392145, 0.138012, 0.989654)
    Head.CFrame = CFrame.new(0.00784093, 0.0278742, -0.00205651, 0.999301, -0.00915703, 0.0362438, 0.0086222, 0.999852, 0.0148845, -0.0363747, -0.0145616, 0.999232)
    Left Leg.CFrame = CFrame.new(-0.783656, 0.161613, 0.0590642, 0.899845, -0.430743, 0.0688404, 0.432742, 0.901365, -0.0166227, -0.0548901, 0.044748, 0.997489)
    Right Arm.CFrame = CFrame.new(-0.148233, -0.0571336, 0.0146628, 0.946417, -0.318882, -0.0510881, 0.322743, 0.939547, 0.114407, 0.0115174, -0.124765, 0.99212)
    Right Leg.CFrame = CFrame.new(0.64057, 0.172549, -0.00412938, 0.960118, 0.279525, 0.00621164, -0.279561, 0.959435, 0.0364834, 0.00423834, -0.036765, 0.999315)
    Left Arm.CFrame = CFrame.new(0.142862, -0.0988978, 0.0381767, 0.946417, 0.318882, 0.0510881, -0.322743, 0.939547, 0.114407, -0.0115175, -0.124765, 0.99212)

[40]
    Time: 1.300000
    HumanoidRootPart.CFrame = CFrame.new(0, 0, 0, 1, 0, 0, 0, 1, 0, 0, 0, 1)
    Torso.CFrame = CFrame.new(-0.0765037, -0.170551, 0.0351086, 0.998753, 0.0313717, -0.0388294, -0.0372357, 0.986265, -0.160921, 0.0332477, 0.162167, 0.986203)
    Head.CFrame = CFrame.new(0.00665261, 0.0327055, -0.00272354, 0.999161, -0.0113282, 0.0393605, 0.014118, 0.997352, -0.0713391, -0.0384481, 0.071835, 0.996675)
    Left Leg.CFrame = CFrame.new(-0.662578, 0.155055, 0.0679562, 0.945165, -0.312874, 0.093665, 0.315964, 0.948564, -0.0198303, -0.0826429, 0.0483378, 0.995406)
    Right Arm.CFrame = CFrame.new(-0.145999, -0.105108, -0.0112604, 0.957846, -0.276855, -0.0766987, 0.282852, 0.95555, 0.0831802, 0.0502606, -0.101368, 0.993579)
    Right Leg.CFrame = CFrame.new(0.546044, 0.14318, -0.00541812, 0.980378, 0.19681, 0.0111846, -0.197005, 0.980185, 0.0206327, -0.0069023, -0.0224311, 0.999725)
    Left Arm.CFrame = CFrame.new(0.140423, -0.138036, 0.00703359, 0.957782, 0.276128, 0.0800445, -0.282482, 0.955639, 0.08342, -0.053459, -0.102509, 0.993294)

[41]
    Time: 1.333333
    HumanoidRootPart.CFrame = CFrame.new(0, 0, 0, 1, 0, 0, 0, 1, 0, 0, 0, 1)
    Torso.CFrame = CFrame.new(-0.0691719, -0.180557, 0.279607, 0.998855, 0.0329962, -0.0346378, -0.0380657, 0.98675, -0.157722, 0.0289746, 0.15886, 0.986876)
    Head.CFrame = CFrame.new(0.00579075, 0.0320346, -0.00256011, 0.998938, -0.0134739, 0.0440597, 0.0210148, 0.984263, -0.175458, -0.0410022, 0.176198, 0.9835)
    Left Leg.CFrame = CFrame.new(-0.468785, 0.0874207, 0.0436381, 0.978906, -0.185124, 0.0864407, 0.187202, 0.982182, -0.0165191, -0.0818424, 0.0323526, 0.99612)
    Right Arm.CFrame = CFrame.new(-0.124558, -0.145551, -0.0281051, 0.967542, -0.222801, -0.119253, 0.230665, 0.971384, 0.056627, 0.103224, -0.0822965, 0.991248)
    Right Leg.CFrame = CFrame.new(0.453767, 0.110374, -0.00270054, 0.989457, 0.144488, 0.00988606, -0.14463, 0.989363, 0.0155901, -0.00752832, -0.0168556, 0.99983)
    Left Arm.CFrame = CFrame.new(0.121029, -0.163552, -0.00959897, 0.966907, 0.221852, 0.125989, -0.230331, 0.971435, 0.0571014, -0.109722, -0.0842308, 0.990387)

[42]
    Time: 1.366667
    HumanoidRootPart.CFrame = CFrame.new(0, 0, 0, 1, 0, 0, 0, 1, 0, 0, 0, 1)
    Torso.CFrame = CFrame.new(-0.0597076, -0.183346, 0.477897, 0.998873, 0.0353593, -0.0316472, -0.0397214, 0.987896, -0.149944, 0.0259623, 0.151033, 0.988188)
    Head.CFrame = CFrame.new(0.0051906, 0.0304723, -0.0022833, 0.998803, -0.0144171, 0.0467401, 0.024691, 0.9735, -0.227349, -0.0422237, 0.228231, 0.972691)
    Left Leg.CFrame = CFrame.new(-0.325712, 0.0454248, 0.0237056, 0.992736, -0.0975391, 0.0704332, 0.098681, 0.995035, -0.0129101, -0.0688243, 0.0197668, 0.997433)
    Right Arm.CFrame = CFrame.new(-0.0999374, -0.176205, -0.0361023, 0.971182, -0.170989, -0.166037, 0.17958, 0.983006, 0.0380734, 0.156706, -0.0667932, 0.985384)
    Right Leg.CFrame = CFrame.new(0.296369, 0.0709471, 0.00152782, 0.998599, 0.0526202, 0.0056549, -0.0527023, 0.99849, 0.0155113, -0.00483014, -0.0157876, 0.999864)
    Left Arm.CFrame = CFrame.new(0.0993833, -0.176232, -0.0135674, 0.970128, 0.170314, 0.172758, -0.179441, 0.983013, 0.0385513, -0.163257, -0.0683996, 0.98421)

[43]
    Time: 1.400000
    HumanoidRootPart.CFrame = CFrame.new(0, 0, 0, 1, 0, 0, 0, 1, 0, 0, 0, 1)
    Torso.CFrame = CFrame.new(-0.0492897, -0.180317, 0.5853, 0.998848, 0.0379258, -0.0294158, -0.0416487, 0.989489, -0.138479, 0.0238547, 0.139545, 0.989928)
    Head.CFrame = CFrame.new(0.00476313, 0.0281748, -0.00193915, 0.99887, -0.0128862, 0.0457564, 0.0224695, 0.976227, -0.215583, -0.0418905, 0.216367, 0.975413)
    Left Leg.CFrame = CFrame.new(-0.388788, 0.0526897, 0.0194874, 0.986909, -0.15283, 0.0515041, 0.153473, 0.988114, -0.00876809, -0.0495518, 0.0165579, 0.998634)
    Right Arm.CFrame = CFrame.new(-0.0793374, -0.192791, -0.0367862, 0.969517, -0.135224, -0.204332, 0.144433, 0.989036, 0.0307759, 0.19793, -0.05935, 0.978418)
    Right Leg.CFrame = CFrame.new(0.252649, 0.0603531, 0.00417355, 0.999165, 0.0408411, 0.000765792, -0.0408472, 0.99901, 0.0176095, -4.58946e-05, -0.0176259, 0.999845)
    Left Arm.CFrame = CFrame.new(0.0814584, -0.174861, -0.00800812, 0.969517, 0.135224, 0.204332, -0.144433, 0.989036, 0.0307759, -0.19793, -0.05935, 0.978418)

[44]
    Time: 1.433333
    HumanoidRootPart.CFrame = CFrame.new(0, 0, 0, 1, 0, 0, 0, 1, 0, 0, 0, 1)
    Torso.CFrame = CFrame.new(-0.036644, -0.172932, 0.632833, 0.99881, 0.0402299, -0.027569, -0.0433563, 0.991308, -0.124215, 0.0223323, 0.125262, 0.991872)
    Head.CFrame = CFrame.new(0.00446582, 0.0253177, -0.00155598, 0.999023, -0.00924512, 0.0432229, 0.0170903, 0.982621, -0.184836, -0.0407629, 0.185394, 0.981818)
    Left Leg.CFrame = CFrame.new(-0.502056, 0.068095, 0.0165376, 0.968912, -0.244794, 0.0358593, 0.245153, 0.969466, -0.00593851, -0.0333107, 0.0145448, 0.999339)
    Right Arm.CFrame = CFrame.new(-0.0684757, -0.192123, -0.0323136, 0.966434, -0.124879, -0.224523, 0.13639, 0.989985, 0.036447, 0.217723, -0.0658463, 0.973787)
    Right Leg.CFrame = CFrame.new(0.278848, 0.0630026, 0.00636593, 0.997007, 0.0772397, -0.00333565, -0.0771508, 0.996793, 0.0212783, 0.00496845, -0.0209572, 0.999768)
    Left Arm.CFrame = CFrame.new(0.0719222, -0.158958, 0.00340188, 0.96975, 0.125895, 0.209131, -0.136149, 0.990058, 0.0353258, -0.202605, -0.0627303, 0.977249)

[45]
    Time: 1.466667
    HumanoidRootPart.CFrame = CFrame.new(0, 0, 0, 1, 0, 0, 0, 1, 0, 0, 0, 1)
    Torso.CFrame = CFrame.new(-0.021553, -0.162609, 0.661025, 0.998792, 0.0418117, -0.0258017, -0.0443668, 0.993156, -0.108043, 0.0211076, 0.109057, 0.993811)
    Head.CFrame = CFrame.new(0.00422009, 0.0220808, -0.00118306, 0.999197, -0.00490623, 0.0397547, 0.0105078, 0.989818, -0.141948, -0.0386535, 0.142251, 0.989075)
    Left Leg.CFrame = CFrame.new(-0.523464, 0.0621352, 0.0135902, 0.960371, -0.277116, 0.0298948, 0.277381, 0.960747, -0.00504883, -0.0273222, 0.013141, 0.99954)
    Right Arm.CFrame = CFrame.new(-0.0665504, -0.177331, -0.0244325, 0.964198, -0.134951, -0.228276, 0.150419, 0.98727, 0.0516932, 0.218393, -0.0841794, 0.972223)
    Right Leg.CFrame = CFrame.new(0.228321, 0.0532237, 0.00756022, 0.998004, 0.0630144, -0.00405099, -0.0628934, 0.997704, 0.0251184, 0.0056245, -0.0248135, 0.999676)
    Left Arm.CFrame = CFrame.new(0.0700636, -0.132893, 0.0179043, 0.971777, 0.137305, 0.191827, -0.14922, 0.987587, 0.0490408, -0.182712, -0.076281, 0.980203)

[46]
    Time: 1.500000
    HumanoidRootPart.CFrame = CFrame.new(0, 0, 0, 1, 0, 0, 0, 1, 0, 0, 0, 1)
    Torso.CFrame = CFrame.new(-0.00664139, -0.150536, 0.672757, 0.998822, 0.0421528, -0.0240469, -0.0441742, 0.994883, -0.0908625, 0.0200938, 0.0918177, 0.995573)
    Head.CFrame = CFrame.new(0.00402572, 0.0186393, -0.000842869, 0.999357, -0.0013244, 0.0358328, 0.004688, 0.995566, -0.0939498, -0.0355495, 0.0940574, 0.994932)
    Left Leg.CFrame = CFrame.new(-0.485748, 0.047179, 0.0172471, 0.961258, -0.272878, 0.0389879, 0.273225, 0.961943, -0.00377129, -0.0364751, 0.0142775, 0.999233)
    Right Arm.CFrame = CFrame.new(-0.0710062, -0.15334, -0.0143926, 0.962742, -0.157479, -0.219836, 0.176982, 0.981583, 0.0719133, 0.204462, -0.108141, 0.972883)
    Right Leg.CFrame = CFrame.new(0.166837, 0.0422857, 0.00670028, 0.999167, 0.0407377, 0.00228348, -0.0407826, 0.998827, 0.0260958, -0.00121776, -0.0261674, 0.999657)
    Left Arm.CFrame = CFrame.new(0.0737901, -0.102429, 0.0335361, 0.9737, 0.161286, 0.160923, -0.173901, 0.982442, 0.067569, -0.147199, -0.0937766, 0.984651)

[47]
    Time: 1.533333
    HumanoidRootPart.CFrame = CFrame.new(0, 0, 0, 1, 0, 0, 0, 1, 0, 0, 0, 1)
    Torso.CFrame = CFrame.new(0.00645446, -0.137707, 0.669842, 0.998908, 0.0410558, -0.0222878, -0.0425934, 0.99638, -0.0735705, 0.0191866, 0.0744395, 0.997041)
    Head.CFrame = CFrame.new(0.00384182, 0.015157, -0.000562042, 0.999496, -3.14787e-05, 0.0317374, 0.001558, 0.998843, -0.0480751, -0.0316992, 0.0481004, 0.998339)
    Left Leg.CFrame = CFrame.new(-0.449, 0.0364395, 0.0255726, 0.96099, -0.270482, 0.0577727, 0.271003, 0.962578, -0.00124826, -0.055273, 0.0168563, 0.998329)
    Right Arm.CFrame = CFrame.new(-0.0792895, -0.125104, -0.00320077, 0.961553, -0.184584, -0.203335, 0.206539, 0.974059, 0.0924705, 0.180992, -0.130912, 0.974733)
    Right Leg.CFrame = CFrame.new(0.184892, 0.0391786, 0.00361025, 0.997502, 0.0690334, 0.0149687, -0.0693759, 0.997307, 0.023789, -0.0132862, -0.024768, 0.999605)
    Left Arm.CFrame = CFrame.new(0.0811027, -0.0733572, 0.0482433, 0.973932, 0.189283, 0.125016, -0.200744, 0.975824, 0.086424, -0.105635, -0.109267, 0.988383)

[48]
    Time: 1.566667
    HumanoidRootPart.CFrame = CFrame.new(0, 0, 0, 1, 0, 0, 0, 1, 0, 0, 0, 1)
    Torso.CFrame = CFrame.new(0.0179176, -0.124653, 0.65906, 0.99904, 0.0387829, -0.0203819, -0.0398901, 0.997574, -0.0570587, 0.0181196, 0.0578169, 0.998163)
    Head.CFrame = CFrame.new(0.00362788, 0.0118436, -0.000347644, 0.999621, -0.000316624, 0.0275419, 0.000599191, 0.999947, -0.0102519, -0.0275372, 0.0102645, 0.999568)
    Left Leg.CFrame = CFrame.new(-0.409, 0.0275141, 0.032106, 0.961829, -0.262968, 0.0757184, 0.26365, 0.964618, 0.00102128, -0.0733079, 0.0189809, 0.997129)
    Right Arm.CFrame = CFrame.new(-0.0889732, -0.0974908, 0.00800115, 0.960864, -0.208023, -0.182939, 0.23006, 0.96709, 0.108666, 0.154314, -0.1465, 0.9771)
    Right Leg.CFrame = CFrame.new(0.229897, 0.0369157, -0.00136274, 0.993115, 0.113621, 0.0285173, -0.114203, 0.993263, 0.0196584, -0.0260916, -0.0227798, 0.9994)
    Left Arm.CFrame = CFrame.new(0.0902628, -0.0513703, 0.0594409, 0.972827, 0.212065, 0.0929256, -0.221103, 0.969998, 0.101076, -0.068703, -0.118875, 0.990529)

[49]
    Time: 1.600000
    HumanoidRootPart.CFrame = CFrame.new(0, 0, 0, 1, 0, 0, 0, 1, 0, 0, 0, 1)
    Torso.CFrame = CFrame.new(0.0280952, -0.110962, 0.638811, 0.999206, 0.0354335, -0.0181913, -0.0361756, 0.998453, -0.0422249, 0.016667, 0.0428495, 0.998943)
    Head.CFrame = CFrame.new(0.00333553, 0.00884156, -0.000198424, 0.999726, -0.000438899, 0.0233811, -6.47455e-06, 0.999819, 0.0190448, -0.0233852, -0.0190397, 0.999545)
    Left Leg.CFrame = CFrame.new(-0.381118, 0.0208006, 0.0330085, 0.963195, -0.25585, 0.0824346, 0.256651, 0.966504, 0.000914899, -0.0799075, 0.0202757, 0.996596)
    Right Arm.CFrame = CFrame.new(-0.0977667, -0.0752482, 0.0176828, 0.96199, -0.21914, -0.16295, 0.239218, 0.964038, 0.115779, 0.131718, -0.150359, 0.979818)
    Right Leg.CFrame = CFrame.new(0.28988, 0.035565, -0.00721627, 0.985345, 0.166135, 0.0386648, -0.166841, 0.985857, 0.0157888, -0.0354949, -0.0220083, 0.999127)
    Left Arm.CFrame = CFrame.new(0.0998411, -0.0420572, 0.063957, 0.9727, 0.220074, 0.073637, -0.227114, 0.967952, 0.107181, -0.0476893, -0.120979, 0.991509)

[50]
    Time: 1.633333
    HumanoidRootPart.CFrame = CFrame.new(0, 0, 0, 1, 0, 0, 0, 1, 0, 0, 0, 1)
    Torso.CFrame = CFrame.new(0.0373344, -0.0973129, 0.597216, 0.999395, 0.0311055, -0.0155766, -0.0315619, 0.999053, -0.0299646, 0.0146298, 0.0304381, 0.99943)
    Head.CFrame = CFrame.new(0.00292346, 0.00635979, -0.000107735, 0.99981, -0.000451557, 0.0194827, -0.000343189, 0.999169, 0.0407701, -0.0194849, -0.0407691, 0.998979)
    Left Leg.CFrame = CFrame.new(-0.392527, 0.0186505, 0.0322922, 0.960366, -0.267062, 0.0798466, 0.268079, 0.963394, -0.0021241, -0.0763564, 0.0234452, 0.996805)
    Right Arm.CFrame = CFrame.new(-0.107063, -0.0611356, 0.0270397, 0.966265, -0.211507, -0.146956, 0.228763, 0.966965, 0.11245, 0.118318, -0.142275, 0.98273)
    Right Leg.CFrame = CFrame.new(0.387577, 0.039163, -0.0131976, 0.969543, 0.241242, 0.0422982, -0.242033, 0.970157, 0.0146622, -0.0374988, -0.0244532, 0.998998)
    Left Arm.CFrame = CFrame.new(0.113605, -0.040876, 0.061589, 0.976829, 0.202956, 0.0679248, -0.209296, 0.972198, 0.105006, -0.0447247, -0.116789, 0.992149)

[51]
    Time: 1.666667
    HumanoidRootPart.CFrame = CFrame.new(0, 0, 0, 1, 0, 0, 0, 1, 0, 0, 0, 1)
    Torso.CFrame = CFrame.new(0.0459709, -0.0851517, 0.526494, 0.999588, 0.0258984, -0.01239, -0.0261568, 0.999434, -0.0211695, 0.0118347, 0.0214848, 0.999699)
    Head.CFrame = CFrame.new(0.00236444, 0.00456799, -5.79655e-05, 0.999871, -0.000405593, 0.0160688, -0.000493698, 0.998435, 0.0559198, -0.0160664, -0.0559206, 0.998306)
    Left Leg.CFrame = CFrame.new(-0.416068, 0.0191965, 0.032274, 0.956354, -0.281849, 0.0771258, 0.283134, 0.959061, -0.00605828, -0.0722609, 0.027631, 0.997003)
    Right Arm.CFrame = CFrame.new(-0.121286, -0.0525124, 0.0349757, 0.967982, -0.210622, -0.136561, 0.225445, 0.968692, 0.103977, 0.110385, -0.131435, 0.98516)
    Right Leg.CFrame = CFrame.new(0.481089, 0.04532, -0.016517, 0.949592, 0.310937, 0.0399301, -0.31174, 0.950038, 0.0156713, -0.0330624, -0.0273292, 0.99908)
    Left Arm.CFrame = CFrame.new(0.133552, -0.040196, 0.0563754, 0.979464, 0.19047, 0.0661266, -0.196418, 0.975438, 0.0996996, -0.0455127, -0.110641, 0.992818)

[52]
    Time: 1.700000
    HumanoidRootPart.CFrame = CFrame.new(0, 0, 0, 1, 0, 0, 0, 1, 0, 0, 0, 1)
    Torso.CFrame = CFrame.new(0.0543709, -0.0736313, 0.44547, 0.999766, 0.0199169, -0.00847138, -0.0200565, 0.999659, -0.0167269, 0.00813534, 0.0168929, 0.999824)
    Head.CFrame = CFrame.new(0.00163257, 0.0036495, -3.49283e-05, 0.999911, -0.000343451, 0.0133593, -0.000532368, 0.997852, 0.0655007, -0.0133531, -0.065502, 0.997763)
    Left Leg.CFrame = CFrame.new(-0.351646, 0.0132742, 0.0250304, 0.969674, -0.233327, 0.0727338, 0.234583, 0.972053, -0.00910508, -0.0685767, 0.025891, 0.99731)
    Right Arm.CFrame = CFrame.new(-0.142784, -0.0467625, 0.0362701, 0.957599, -0.255598, -0.132941, 0.269112, 0.958315, 0.0959699, 0.10287, -0.127677, 0.986467)
    Right Leg.CFrame = CFrame.new(0.461665, 0.042731, -0.0141519, 0.952894, 0.301176, 0.0358678, -0.301927, 0.953167, 0.0176711, -0.0288659, -0.0276681, 0.9992)
    Left Arm.CFrame = CFrame.new(0.155912, -0.0423458, 0.0515355, 0.970439, 0.233404, 0.0614032, -0.238442, 0.966561, 0.09437, -0.0373236, -0.106221, 0.993642)

[53]
    Time: 1.733333
    HumanoidRootPart.CFrame = CFrame.new(0, 0, 0, 1, 0, 0, 0, 1, 0, 0, 0, 1)
    Torso.CFrame = CFrame.new(0.0621223, -0.0802574, 0.287215, 0.9999, 0.0134261, -0.00452196, -0.0136023, 0.999046, -0.041494, 0.00396054, 0.0415513, 0.999129)
    Head.CFrame = CFrame.new(0.000790124, 0.00858002, -0.000175595, 0.999933, -0.000295406, 0.0115728, -0.000521435, 0.99751, 0.0705169, -0.0115648, -0.0705183, 0.997443)
    Left Leg.CFrame = CFrame.new(-0.320297, 0.0218452, 0.0188731, 0.983311, -0.170842, 0.0625556, 0.171855, 0.985059, -0.0111424, -0.0597174, 0.0217069, 0.997979)
    Right Arm.CFrame = CFrame.new(-0.183447, -0.0430852, 0.0173922, 0.92634, -0.352378, -0.133128, 0.365621, 0.926138, 0.0926787, 0.0906371, -0.134526, 0.986756)
    Right Leg.CFrame = CFrame.new(0.426027, 0.0532355, -0.0108231, 0.968627, 0.246561, 0.0311257, -0.247333, 0.968635, 0.0239485, -0.0242447, -0.0308956, 0.999229)
    Left Arm.CFrame = CFrame.new(0.192353, -0.0490126, 0.0402648, 0.940511, 0.337976, 0.0348125, -0.339759, 0.93613, 0.0906867, -0.00193908, -0.0971196, 0.995271)

[54]
    Time: 1.766667
    HumanoidRootPart.CFrame = CFrame.new(0, 0, 0, 1, 0, 0, 0, 1, 0, 0, 0, 1)
    Torso.CFrame = CFrame.new(0.0683479, -0.107544, -0.130161, 0.99997, 0.00759466, -0.00148889, -0.00770423, 0.995129, -0.0982787, 0.000735244, 0.0982872, 0.995158)
    Head.CFrame = CFrame.new(0.00014337, 0.0199321, -0.00097096, 0.99994, -0.00027797, 0.0109285, -0.000509291, 0.997407, 0.0719675, -0.0109201, -0.0719687, 0.997347)
    Left Leg.CFrame = CFrame.new(-0.735182, 0.140355, 0.0215269, 0.925023, -0.378852, 0.0283581, 0.378743, 0.925455, 0.00931173, -0.0297719, 0.00212702, 0.999554)
    Right Arm.CFrame = CFrame.new(-0.228683, -0.0402068, -0.0139987, 0.898499, -0.418184, -0.133495, 0.431281, 0.897629, 0.0908709, 0.0818285, -0.139221, 0.986875)
    Right Leg.CFrame = CFrame.new(0.724058, 0.161828, -0.00640664, 0.922377, 0.386175, 0.00949916, -0.386233, 0.921528, 0.0401378, 0.00674644, -0.040691, 0.999149)
    Left Arm.CFrame = CFrame.new(0.231441, -0.0560412, 0.0233409, 0.910352, 0.4138, -0.0053889, -0.411804, 0.907096, 0.0871399, 0.0409467, -0.0771087, 0.996181)

[55]
    Time: 1.800000
    HumanoidRootPart.CFrame = CFrame.new(0, 0, 0, 1, 0, 0, 0, 1, 0, 0, 0, 1)
    Torso.CFrame = CFrame.new(0.072422, -0.143208, -0.27955, 0.999993, 0.00376356, 9.27718e-05, -0.00370389, 0.987954, -0.154706, -0.000673899, 0.154705, 0.987961)
    Head.CFrame = CFrame.new(-0.000135133, 0.0312158, -0.0024043, 0.999393, -0.00625856, 0.0342745, 0.00457473, 0.998789, 0.048988, -0.0345396, -0.0488015, 0.998211)
    Left Leg.CFrame = CFrame.new(-0.77489, 0.18796, 0.0225701, 0.926334, -0.375702, 0.0274218, 0.374776, 0.926506, 0.033628, -0.0380406, -0.0208738, 0.999058)
    Right Arm.CFrame = CFrame.new(-0.242326, -0.0323817, -0.0315422, 0.921568, -0.364383, -0.133928, 0.377026, 0.922291, 0.0850312, 0.0925362, -0.128856, 0.987337)
    Right Leg.CFrame = CFrame.new(0.716054, 0.214794, 0.025935, 0.940512, 0.337821, -0.0362423, -0.336229, 0.940768, 0.0436567, 0.0488438, -0.028874, 0.998389)
    Left Arm.CFrame = CFrame.new(0.23677, -0.0548987, 0.0115609, 0.927181, 0.373746, -0.0254922, -0.370668, 0.925138, 0.082007, 0.0542336, -0.0665861, 0.996306)

[56]
    Time: 1.833333
    HumanoidRootPart.CFrame = CFrame.new(0, 0, 0, 1, 0, 0, 0, 1, 0, 0, 0, 1)
    Torso.CFrame = CFrame.new(0.0730171, -0.170528, -0.120128, 0.999994, 0.00339347, -0.000630813, -0.00345157, 0.983858, -0.178918, 1.34788e-05, 0.178919, 0.983864)
    Head.CFrame = CFrame.new(6.64964e-07, 0.0360576, -0.00321034, 0.999236, -0.009908, 0.0378176, 0.00979329, 0.999947, 0.00321749, -0.0378474, -0.00284471, 0.999279)
    Left Leg.CFrame = CFrame.new(-0.709811, 0.158016, 0.0165942, 0.940468, -0.339352, 0.0189917, 0.338508, 0.940221, 0.0373775, -0.0305405, -0.0287235, 0.999121)
    Right Arm.CFrame = CFrame.new(-0.202564, -0.0458155, -0.000679672, 0.976673, -0.168962, -0.132524, 0.179767, 0.980904, 0.0742384, 0.11745, -0.0963301, 0.988396)
    Right Leg.CFrame = CFrame.new(0.644567, 0.20237, 0.0371718, 0.959802, 0.275051, -0.0559269, -0.27318, 0.961177, 0.0388678, 0.0644463, -0.0220273, 0.997678)
    Left Arm.CFrame = CFrame.new(0.189215, -0.0518974, 0.0028404, 0.979961, 0.198247, -0.0193778, -0.196868, 0.978751, 0.0573539, 0.0303363, -0.0523897, 0.998166)

[57]
    Time: 1.866667
    HumanoidRootPart.CFrame = CFrame.new(0, 0, 0, 1, 0, 0, 0, 1, 0, 0, 0, 1)
    Torso.CFrame = CFrame.new(0.0676994, -0.181385, 0.233601, 0.999977, 0.00561279, -0.00385319, -0.00619576, 0.984843, -0.173335, 0.00282189, 0.173355, 0.984855)
    Head.CFrame = CFrame.new(0.000564359, 0.0349486, -0.00299248, 0.999161, -0.0113282, 0.0393605, 0.014118, 0.997352, -0.0713391, -0.0384481, 0.071835, 0.996675)
    Left Leg.CFrame = CFrame.new(-0.462915, 0.0759438, 0.0112702, 0.97766, -0.209934, 0.0103885, 0.209473, 0.977211, 0.0343428, -0.0173615, -0.0313995, 0.999356)
    Right Arm.CFrame = CFrame.new(-0.158228, -0.080108, 0.020278, 0.987379, -0.0728558, -0.140623, 0.0836104, 0.993884, 0.0721429, 0.134507, -0.0829899, 0.987431)
    Right Leg.CFrame = CFrame.new(0.346918, 0.096656, 0.0219001, 0.995368, 0.0800649, -0.0532228, -0.078425, 0.996399, 0.0322205, 0.0556109, -0.0278972, 0.998063)
    Left Arm.CFrame = CFrame.new(0.142964, -0.0630229, -0.00525624, 0.993687, 0.111878, -0.00827766, -0.111511, 0.993104, 0.0361955, 0.0122701, -0.035044, 0.99931)

[58]
    Time: 1.900000
    HumanoidRootPart.CFrame = CFrame.new(0, 0, 0, 1, 0, 0, 0, 1, 0, 0, 0, 1)
    Torso.CFrame = CFrame.new(0.0565414, -0.185184, 0.395824, 0.999927, 0.00823534, -0.00880262, -0.00955636, 0.986668, -0.162468, 0.00734728, 0.16254, 0.986675)
    Head.CFrame = CFrame.new(0.00146624, 0.0327808, -0.00260201, 0.998954, -0.0133619, 0.0437289, 0.0207515, 0.984673, -0.173174, -0.0407447, 0.173901, 0.98392)
    Left Leg.CFrame = CFrame.new(-0.522924, 0.0594941, 0.0105566, 0.953636, -0.300913, 0.00544033, 0.30058, 0.953181, 0.033131, -0.0151551, -0.0299596, 0.999436)
    Right Arm.CFrame = CFrame.new(-0.123925, -0.112523, 0.0168796, 0.984829, -0.0746627, -0.156646, 0.0879098, 0.992958, 0.0794088, 0.149615, -0.0919748, 0.984457)
    Right Leg.CFrame = CFrame.new(0.199161, 0.0522611, 0.00866267, 0.999399, -0.0053056, -0.0342634, 0.00623894, 0.999611, 0.0271683, 0.0341059, -0.0273657, 0.999043)
    Left Arm.CFrame = CFrame.new(0.111725, -0.0789375, -0.00173169, 0.993762, 0.111463, 0.00355132, -0.111505, 0.992622, 0.0476188, 0.00178264, -0.0477178, 0.998859)

[59]
    Time: 1.933333
    HumanoidRootPart.CFrame = CFrame.new(0, 0, 0, 1, 0, 0, 0, 1, 0, 0, 0, 1)
    Torso.CFrame = CFrame.new(0.0403519, -0.181751, 0.486419, 0.999825, 0.0112548, -0.0149241, -0.0133397, 0.988912, -0.147904, 0.013094, 0.148077, 0.988889)
    Head.CFrame = CFrame.new(0.00261568, 0.029881, -0.00214496, 0.998803, -0.0144171, 0.0467401, 0.024691, 0.9735, -0.227349, -0.0422238, 0.228231, 0.972691)
    Left Leg.CFrame = CFrame.new(-0.597773, 0.037122, 0.00740027, 0.916083, -0.400979, -0.00283507, 0.40087, 0.915619, 0.03073, -0.00972624, -0.0292878, 0.999524)
    Right Arm.CFrame = CFrame.new(-0.0911205, -0.13568, 0.00252098, 0.980105, -0.0972527, -0.173023, 0.114475, 0.989111, 0.0924959, 0.162143, -0.110462, 0.980565)
    Right Leg.CFrame = CFrame.new(0.280643, 0.0656582, 0.00907937, 0.997026, 0.0708601, -0.0302909, -0.0699686, 0.997113, 0.0294963, 0.0322934, -0.0272889, 0.999106)
    Left Arm.CFrame = CFrame.new(0.0846894, -0.0929399, 0.00718659, 0.992093, 0.124617, 0.0148999, -0.125379, 0.989401, 0.0732565, -0.005613, -0.0745454, 0.997202)

[60]
    Time: 1.966667
    HumanoidRootPart.CFrame = CFrame.new(0, 0, 0, 1, 0, 0, 0, 1, 0, 0, 0, 1)
    Torso.CFrame = CFrame.new(0.0198174, -0.173237, 0.557044, 0.999635, 0.0159584, -0.0218202, -0.0186616, 0.991351, -0.1299, 0.0195585, 0.13026, 0.991287)
    Head.CFrame = CFrame.new(0.00390366, 0.0263242, -0.00166988, 0.998906, -0.0123819, 0.0450949, 0.0211595, 0.979623, -0.199728, -0.041703, 0.200464, 0.978813)
    Left Leg.CFrame = CFrame.new(-0.594655, 0.00385094, 0.00535542, 0.893761, -0.448464, -0.00847699, 0.448526, 0.893392, 0.0259946, -0.00408439, -0.0270351, 0.999626)
    Right Arm.CFrame = CFrame.new(-0.0654235, -0.145423, -0.0116732, 0.97534, -0.124918, -0.181953, 0.146208, 0.983266, 0.108681, 0.165332, -0.132604, 0.977283)
    Right Leg.CFrame = CFrame.new(0.39285, 0.0819852, 0.00942075, 0.985065, 0.170147, -0.0263897, -0.169287, 0.985047, 0.0320015, 0.0314401, -0.0270561, 0.999139)
    Left Arm.CFrame = CFrame.new(0.0651219, -0.100967, 0.0190001, 0.989765, 0.140721, 0.0237365, -0.14242, 0.984572, 0.101659, -0.00906474, -0.103999, 0.994536)

[61]
    Time: 2.000000
    HumanoidRootPart.CFrame = CFrame.new(0, 0, 0, 1, 0, 0, 0, 1, 0, 0, 0, 1)
    Torso.CFrame = CFrame.new(-0.00398636, -0.160835, 0.603491, 0.999316, 0.0228479, -0.0290764, -0.0259042, 0.99365, -0.109493, 0.0263901, 0.110171, 0.993562)
    Head.CFrame = CFrame.new(0.00527418, 0.0223065, -0.00123316, 0.99912, -0.00770967, 0.0412171, 0.013348, 0.990297, -0.138325, -0.0397507, 0.138753, 0.989529)
    Left Leg.CFrame = CFrame.new(-0.526569, -0.0273947, 0.00764987, 0.89097, -0.45401, -0.00688962, 0.454053, 0.890754, 0.019818, -0.00286063, -0.0207855, 0.99978)
    Right Arm.CFrame = CFrame.new(-0.053947, -0.140164, -0.0175312, 0.971583, -0.156844, -0.177276, 0.180481, 0.97546, 0.126116, 0.153145, -0.154527, 0.976047)
    Right Leg.CFrame = CFrame.new(0.468547, 0.0870786, 0.00745612, 0.969266, 0.245087, -0.021331, -0.244291, 0.969099, 0.0341735, 0.0290474, -0.0279124, 0.999188)
    Left Arm.CFrame = CFrame.new(0.0583443, -0.101027, 0.0315781, 0.986222, 0.163027, 0.0280739, -0.165266, 0.978451, 0.123774, -0.00729043, -0.126708, 0.991913)

[62]
    Time: 2.033333
    HumanoidRootPart.CFrame = CFrame.new(0, 0, 0, 1, 0, 0, 0, 1, 0, 0, 0, 1)
    Torso.CFrame = CFrame.new(-0.0285377, -0.146534, 0.630687, 0.998912, 0.0291046, -0.036439, -0.0323241, 0.995314, -0.09113, 0.033616, 0.0922087, 0.995172)
    Head.CFrame = CFrame.new(0.00672299, 0.0187076, -0.000927269, 0.99933, -0.00269519, 0.0364884, 0.00547648, 0.997067, -0.0763404, -0.0361756, 0.0764891, 0.996414)
    Left Leg.CFrame = CFrame.new(-0.420468, -0.0456569, 0.0135657, 0.902309, -0.431075, 0.00360339, 0.430996, 0.902256, 0.013269, -0.00897116, -0.0104197, 0.999905)
    Right Arm.CFrame = CFrame.new(-0.0560185, -0.123575, -0.0154548, 0.968827, -0.188559, -0.160682, 0.211945, 0.966686, 0.143517, 0.128268, -0.173099, 0.976516)
    Right Leg.CFrame = CFrame.new(0.4943, 0.0828109, 0.00459856, 0.959164, 0.282292, -0.0177536, -0.281521, 0.958855, 0.0366373, 0.0273656, -0.0301432, 0.999171)
    Left Arm.CFrame = CFrame.new(0.0635888, -0.0949089, 0.0442957, 0.981932, 0.187025, 0.028819, -0.189223, 0.972002, 0.139308, -0.0019581, -0.142244, 0.98983)

[63]
    Time: 2.066667
    HumanoidRootPart.CFrame = CFrame.new(0, 0, 0, 1, 0, 0, 0, 1, 0, 0, 0, 1)
    Torso.CFrame = CFrame.new(-0.0479775, -0.134304, 0.64368, 0.998543, 0.0353472, -0.0407649, -0.038373, 0.996369, -0.0760051, 0.0379303, 0.0774586, 0.996274)
    Head.CFrame = CFrame.new(0.00758785, 0.0157673, -0.000715464, 0.999496, -3.14862e-05, 0.0317374, 0.00155799, 0.998842, -0.0480751, -0.0316992, 0.0481004, 0.99834)
    Left Leg.CFrame = CFrame.new(-0.316855, -0.051885, 0.0203206, 0.912717, -0.407935, 0.023155, 0.407812, 0.913011, 0.00998389, -0.0252135, 0.000330416, 0.999682)
    Right Arm.CFrame = CFrame.new(-0.0674273, -0.0997962, -0.00642431, 0.96722, -0.214533, -0.135868, 0.235047, 0.958847, 0.159262, 0.0961102, -0.185977, 0.977842)
    Right Leg.CFrame = CFrame.new(0.5013, 0.0749281, 0.00181949, 0.952837, 0.303149, -0.0142411, -0.302457, 0.952426, 0.0374682, 0.0249219, -0.0313938, 0.999196)
    Left Arm.CFrame = CFrame.new(0.0769869, -0.0845824, 0.0554461, 0.978097, 0.206283, 0.0278335, -0.208113, 0.966532, 0.150019, 0.00404431, -0.152525, 0.988291)

[64]
    Time: 2.100000
    HumanoidRootPart.CFrame = CFrame.new(0, 0, 0, 1, 0, 0, 0, 1, 0, 0, 0, 1)
    Torso.CFrame = CFrame.new(-0.0609627, -0.122952, 0.647091, 0.998175, 0.0426002, -0.0427983, -0.0452813, 0.996937, -0.063762, 0.0399509, 0.0655836, 0.997047)
    Head.CFrame = CFrame.new(0.00799024, 0.0133901, -0.000559449, 0.999626, 0.000397101, 0.0273316, 0.000926372, 0.998828, -0.0483942, -0.0273188, 0.0484015, 0.998454)
    Left Leg.CFrame = CFrame.new(-0.21265, -0.0487976, 0.0249379, 0.923059, -0.381422, 0.0497998, 0.381497, 0.924332, 0.0083473, -0.0492155, 0.0112933, 0.998724)
    Right Arm.CFrame = CFrame.new(-0.0838363, -0.0726984, 0.00670141, 0.967233, -0.230394, -0.106674, 0.246142, 0.953941, 0.171496, 0.0622494, -0.192133, 0.979392)
    Right Leg.CFrame = CFrame.new(0.505802, 0.0676242, -0.00149706, 0.948242, 0.317414, -0.00920888, -0.316859, 0.947699, 0.0383125, 0.0208881, -0.0334117, 0.999223)
    Left Arm.CFrame = CFrame.new(0.094474, -0.0717407, 0.0649024, 0.976053, 0.215836, 0.0271091, -0.217388, 0.963276, 0.157612, 0.00790468, -0.15973, 0.987129)

[65]
    Time: 2.133333
    HumanoidRootPart.CFrame = CFrame.new(0, 0, 0, 1, 0, 0, 0, 1, 0, 0, 0, 1)
    Torso.CFrame = CFrame.new(-0.0698013, -0.111423, 0.624748, 0.997769, 0.0503651, -0.0438294, -0.0527115, 0.997141, -0.0541376, 0.0409774, 0.0563271, 0.997571)
    Head.CFrame = CFrame.new(0.00819497, 0.0115407, -0.000455648, 0.999728, 0.000708114, 0.0233211, 0.000440706, 0.998788, -0.0492198, -0.0233276, 0.0492167, 0.998516)
    Left Leg.CFrame = CFrame.new(-0.192122, -0.0544777, 0.0319938, 0.910992, -0.404638, 0.0797562, 0.405326, 0.914136, 0.00809245, -0.0761826, 0.0249551, 0.996782)
    Right Arm.CFrame = CFrame.new(-0.102169, -0.0464081, 0.0204204, 0.968627, -0.236237, -0.0771642, 0.246534, 0.95257, 0.178416, 0.0313558, -0.191842, 0.980925)
    Right Leg.CFrame = CFrame.new(0.49456, 0.0601275, -0.00540277, 0.948701, 0.316162, -0.00288407, -0.315811, 0.948007, 0.0393099, 0.0151624, -0.0363825, 0.999223)
    Left Arm.CFrame = CFrame.new(0.113168, -0.0582465, 0.0727414, 0.976093, 0.215453, 0.0286837, -0.217218, 0.962276, 0.163831, 0.00769618, -0.166145, 0.986071)

[66]
    Time: 2.166667
    HumanoidRootPart.CFrame = CFrame.new(0, 0, 0, 1, 0, 0, 0, 1, 0, 0, 0, 1)
    Torso.CFrame = CFrame.new(-0.0764084, -0.0999184, 0.575027, 0.997344, 0.0578958, -0.0441857, -0.0599683, 0.997088, -0.0471166, 0.0413291, 0.0496413, 0.997912)
    Head.CFrame = CFrame.new(0.00827164, 0.0101997, -0.000386328, 0.999804, 0.000917614, 0.019765, 7.94083e-05, 0.99873, -0.050383, -0.0197861, 0.0503747, 0.998534)
    Left Leg.CFrame = CFrame.new(-0.261551, -0.0761817, 0.0486085, 0.870529, -0.4799, 0.10897, 0.481852, 0.876202, 0.00938952, -0.0999857, 0.0443335, 0.994001)
    Right Arm.CFrame = CFrame.new(-0.119755, -0.0251633, 0.0314247, 0.971072, -0.233137, -0.0516342, 0.238663, 0.95456, 0.178482, 0.00767716, -0.185642, 0.982587)
    Right Leg.CFrame = CFrame.new(0.440197, 0.0496432, -0.00912133, 0.959373, 0.282115, 0.00387156, -0.282045, 0.958595, 0.0393152, 0.00738015, -0.0388099, 0.999219)
    Left Arm.CFrame = CFrame.new(0.130553, -0.0460477, 0.0784799, 0.977958, 0.205919, 0.0345664, -0.208792, 0.962977, 0.170533, 0.00182937, -0.173991, 0.984746)

[67]
    Time: 2.200000
    HumanoidRootPart.CFrame = CFrame.new(0, 0, 0, 1, 0, 0, 0, 1, 0, 0, 0, 1)
    Torso.CFrame = CFrame.new(-0.0813179, -0.090004, 0.514703, 0.99692, 0.0648225, -0.0441306, -0.0666923, 0.996876, -0.0423034, 0.0412505, 0.0451163, 0.99813)
    Head.CFrame = CFrame.new(0.00825552, 0.00929771, -0.000342846, 0.99986, 0.00104348, 0.0167226, -0.000177324, 0.998662, -0.0517146, -0.0167542, 0.0517044, 0.998522)
    Left Leg.CFrame = CFrame.new(-0.338501, -0.10009, 0.0693637, 0.82188, -0.553674, 0.134006, 0.557447, 0.83014, 0.0109867, -0.117327, 0.0656717, 0.990919)
    Right Arm.CFrame = CFrame.new(-0.133755, -0.0132605, 0.0362519, 0.974393, -0.222181, -0.0345664, 0.224804, 0.959365, 0.170533, -0.00472742, -0.173937, 0.984745)
    Right Leg.CFrame = CFrame.new(0.351635, 0.0379962, -0.0119174, 0.974718, 0.223168, 0.0109778, -0.223427, 0.973978, 0.0380342, -0.0022042, -0.0395254, 0.999216)
    Left Arm.CFrame = CFrame.new(0.144416, -0.0366434, 0.0817239, 0.981005, 0.1885, 0.0457934, -0.193704, 0.964561, 0.179166, -0.0103979, -0.184633, 0.982753)

[68]
    Time: 2.233333
    HumanoidRootPart.CFrame = CFrame.new(0, 0, 0, 1, 0, 0, 0, 1, 0, 0, 0, 1)
    Torso.CFrame = CFrame.new(-0.0847206, -0.0792961, 0.381773, 0.996521, 0.0708557, -0.0438861, -0.072588, 0.99659, -0.0392238, 0.0409572, 0.0422729, 0.998266)
    Head.CFrame = CFrame.new(0.00818942, 0.00871955, -0.000315696, 0.999898, 0.00110518, 0.0142532, -0.000347607, 0.998592, -0.0530455, -0.0142917, 0.0530351, 0.99849)
    Left Leg.CFrame = CFrame.new(-0.517243, -0.148082, 0.107482, 0.710749, -0.686828, 0.151998, 0.693239, 0.720564, 0.0143735, -0.119396, 0.0951549, 0.988276)
    Right Arm.CFrame = CFrame.new(-0.14199, -0.0132059, 0.0326257, 0.97828, -0.205248, -0.0290245, 0.207256, 0.965941, 0.154925, -0.0037621, -0.157576, 0.9875)
    Right Leg.CFrame = CFrame.new(0.465946, 0.0443749, -0.0213353, 0.956139, 0.291856, 0.0248468, -0.292589, 0.955624, 0.034278, -0.01374, -0.0400444, 0.999103)
    Left Arm.CFrame = CFrame.new(0.154518, -0.0297715, 0.0827384, 0.984148, 0.166941, 0.0598625, -0.175389, 0.966196, 0.188954, -0.0262948, -0.196458, 0.98016)

[69]
    Time: 2.266667
    HumanoidRootPart.CFrame = CFrame.new(0, 0, 0, 1, 0, 0, 0, 1, 0, 0, 0, 1)
    Torso.CFrame = CFrame.new(-0.0868187, -0.0649681, 0.208632, 0.996181, 0.0756319, -0.0436341, -0.0772831, 0.996304, -0.0374837, 0.0406379, 0.0407127, 0.998344)
    Head.CFrame = CFrame.new(0.00812764, 0.00841486, -0.000299603, 0.999922, 0.0011233, 0.012416, -0.000448659, 0.99853, -0.0542061, -0.0124586, 0.0541964, 0.998453)
    Left Leg.CFrame = CFrame.new(-0.684897, -0.199762, 0.147954, 0.569951, -0.804867, 0.165362, 0.814025, 0.580494, 0.0197461, -0.111885, 0.123355, 0.986035)
    Right Arm.CFrame = CFrame.new(-0.145458, -0.0203903, 0.0238066, 0.981865, -0.186903, -0.0317674, 0.189508, 0.972321, 0.136671, 0.00534389, -0.140213, 0.990107)
    Right Leg.CFrame = CFrame.new(0.596788, 0.056384, -0.0401718, 0.930149, 0.364052, 0.0478337, -0.365595, 0.930334, 0.0286087, -0.0340863, -0.0440981, 0.998446)
    Left Arm.CFrame = CFrame.new(0.1612, -0.0250162, 0.0822351, 0.986582, 0.145754, 0.0735594, -0.157701, 0.967371, 0.198305, -0.0422556, -0.207244, 0.977376)

[70]
    Time: 2.300000
    HumanoidRootPart.CFrame = CFrame.new(0, 0, 0, 1, 0, 0, 0, 1, 0, 0, 0, 1)
    Torso.CFrame = CFrame.new(-0.0878334, -0.0472832, 0.0584307, 0.995943, 0.0787721, -0.0434991, -0.0803869, 0.996087, -0.0367093, 0.0404372, 0.0400572, 0.998379)
    Head.CFrame = CFrame.new(0.00808251, 0.0082836, -0.000292629, 0.999936, 0.00111884, 0.0112703, -0.000496991, 0.998485, -0.055027, -0.0113148, 0.0550178, 0.998421)
    Left Leg.CFrame = CFrame.new(-0.79244, -0.239399, 0.17966, 0.449608, -0.875811, 0.175522, 0.887228, 0.460616, 0.0256782, -0.103337, 0.144182, 0.984141)
    Right Arm.CFrame = CFrame.new(-0.146025, -0.0288424, 0.0147188, 0.984332, -0.172283, -0.0375279, 0.175623, 0.976912, 0.121651, 0.0157031, -0.126336, 0.991863)
    Right Leg.CFrame = CFrame.new(0.56173, 0.0519876, -0.054681, 0.943934, 0.321347, 0.0756619, -0.323934, 0.945762, 0.0245306, -0.0636752, -0.0476648, 0.996832)
    Left Arm.CFrame = CFrame.new(0.164874, -0.0222245, 0.0811786, 0.988013, 0.129589, 0.083883, -0.144396, 0.967975, 0.205363, -0.0545838, -0.215014, 0.975085)

[71]
    Time: 2.333333
    HumanoidRootPart.CFrame = CFrame.new(0, 0, 0, 1, 0, 0, 0, 1, 0, 0, 0, 1)
    Torso.CFrame = CFrame.new(-0.0881157, -0.0380974, -0.00567055, 0.995854, 0.0799014, -0.0434907, -0.0815087, 0.996003, -0.0365313, 0.040398, 0.0399247, 0.998386)
    Head.CFrame = CFrame.new(0.00807785, 0.00825618, -0.000291377, 0.99994, 0.00111278, 0.0108752, -0.00050927, 0.998468, -0.0553384, -0.0109202, 0.0553295, 0.998408)
    Left Leg.CFrame = CFrame.new(-0.830364, -0.255235, 0.193084, 0.398438, -0.899342, 0.180085, 0.911764, 0.409705, 0.0287878, -0.0996718, 0.152725, 0.98323)
    Right Arm.CFrame = CFrame.new(-0.145738, -0.0329172, 0.0105249, 0.985229, -0.166332, -0.0406971, 0.169992, 0.978661, 0.115434, 0.0206283, -0.120647, 0.992481)
    Right Leg.CFrame = CFrame.new(0.278011, 0.0318072, -0.0367381, 0.991939, 0.0879691, 0.0912057, -0.0905497, 0.995589, 0.0245576, -0.0886432, -0.0326182, 0.995529)
    Left Arm.CFrame = CFrame.new(0.165984, -0.0213294, 0.0806192, 0.988481, 0.123158, 0.0879654, -0.139148, 0.968149, 0.208149, -0.0595284, -0.217991, 0.974134)
